10.309524
12.342857
12.876190
12.992857
12.935714
12.728571
12.483333
12.290476
11.957143
11.585714
11.402381
12.004762
13.559524
14.176190
13.047619
13.752381
13.704762
17.276190
14.976190
16.114286
18.557143
19.650000
20.200000
20.547619
21.440476
20.902381
22.559524
23.035714
21.897619
20.228571
16.950000
11.740476
14.376190
12.416667
16.054762
13.690476
17.142857
15.385714
18.938095
17.719048
22.259524
22.595238
23.978571
23.804762
24.697619
24.740476
25.602381
25.654762
26.454762
24.769048
22.295238
19.957143
26.200000
25.542857
28.035714
29.080952
31.023810
31.271429
31.821429
32.659524
30.545238
27.352381
27.007143
32.526190
32.190476
31.535714
26.033333
23.404762
27.100000
27.373810
29.538095
32.845238
34.519048
33.214286
34.357143
26.047619
31.880952
35.745238
34.635714
28.957143
22.930952
27.054762
32.261905
32.573810
32.430952
29.578571
25.828571
23.397619
28.178571
28.811905
29.038095
28.776190
28.833333
27.221429
25.971429
29.683333
29.816667
31.971429
30.100000
31.004762
29.416667
31.066667
28.904762
32.523810
31.297619
31.721429
34.859524
34.354762
35.750000
36.069048
39.604762
40.421429
42.542857
41.771429
39.919048
35.876190
34.454762
39.842857
42.504762
46.709524
47.761905
44.740476
42.890476
33.926190
39.057143
42.888095
45.833333
48.935714
49.361905
49.057143
46.657143
42.761905
33.752381
38.945238
41.059524
46.061905
46.442857
47.230952
45.728571
44.126190
42.207143
41.921429
46.942857
49.890476
50.319048
49.785714
49.790476
47.611905
44.959524
47.073810
44.347619
48.452381
45.626190
48.273810
46.190476
48.504762
47.028571
49.076190
47.071429
49.076190
46.011905
48.973810
44.473810
48.519048
43.061905
46.623810
49.300000
51.290476
50.871429
51.840476
49.173810
50.319048
47.109524
48.204762
48.652381
53.261905
50.950000
54.019048
51.114286
53.721429
50.852381
53.188095
50.902381
53.138095
49.902381
52.790476
48.083333
52.445238
48.580952
52.800000
49.300000
53.154762
49.838095
53.235714
50.747619
53.438095
53.192857
53.895238
54.002381
54.616667
54.404762
54.792857
54.600000
54.990476
54.904762
55.354762
55.364286
55.571429
55.683333
55.742857
55.966667
55.978571
56.147619
56.014286
56.057143
56.028571
56.016667
55.847619
55.788095
55.721429
55.078571
54.776190
54.421429
55.133333
53.430952
53.826190
50.735714
52.078571
52.626190
55.916667
56.935714
55.361905
56.407143
54.630952
54.488095
56.178571
56.840476
56.995238
57.711905
56.797619
57.280952
56.871429
57.688095
57.154762
58.078571
57.323810
58.342857
57.471429
58.600000
57.714286
58.916667
57.945238
59.226190
58.142857
59.471429
58.345238
59.671429
58.542857
59.833333
58.700000
60.104762
58.864286
60.269048
59.042857
60.450000
59.314286
60.633333
59.509524
60.742857
59.752381
60.769048
60.116667
60.761905
60.352381
60.776190
60.661905
60.847619
60.921429
60.973810
61.150000
61.204762
61.307143
61.661905
61.480952
61.966667
61.526190
62.190476
61.521429
62.269048
61.561905
62.176190
61.519048
62.142857
61.550000
62.397619
61.992857
62.742857
62.316667
62.707143
62.283333
62.704762
61.450000
60.783333
60.169048
62.173810
63.121429
64.566667
63.300000
63.633333
61.395238
63.307143
61.435714
63.652381
62.688095
64.314286
63.364286
64.009524
63.076190
63.226190
62.335714
62.371429
56.702381
61.176190
62.588095
65.750000
64.642857
65.888095
64.680952
64.452381
62.888095
63.576190
61.426190
63.185714
62.585714
63.952381
63.261905
64.295238
63.273810
64.395238
63.392857
64.476190
63.745238
64.569048
64.783333
64.595238
63.745238
64.650000
62.433333
65.066667
62.914286
65.545238
63.516667
65.676190
63.733333
65.597619
63.711905
65.280952
63.650000
65.109524
64.302381
65.185714
64.719048
65.616667
63.854762
63.126190
63.554762
63.795238
64.380952
64.238095
64.845238
64.300000
65.335714
64.450000
65.828571
64.521429
66.133333
64.654762
66.492857
64.909524
66.130952
65.021429
65.269048
64.885714
65.459524
65.657143
65.564286
64.809524
65.797619
64.669048
66.147619
64.916667
66.530952
65.228571
66.671429
65.500000
66.733333
65.697619
66.742857
65.845238
66.792857
65.935714
66.857143
66.047619
66.919048
66.188095
66.992857
66.338095
67.045238
66.445238
67.040476
66.642857
67.142857
66.914286
67.100000
67.250000
66.978571
67.709524
67.442857
67.069048
65.895238
65.157143
63.780952
65.609524
69.304762
68.085714
66.859524
63.811905
63.507143
64.580952
66.452381
65.683333
66.314286
63.923810
65.530952
64.790476
67.654762
67.207143
67.797619
67.257143
66.938095
66.897619
67.752381
67.069048
68.895238
67.285714
69.390476
67.495238
69.447619
67.371429
67.892857
66.752381
66.697619
65.871429
66.930952
65.990476
67.826190
66.780952
68.483333
67.352381
68.659524
67.647619
68.747619
67.776190
68.726190
67.888095
68.716667
68.016667
68.664286
68.078571
69.183333
68.135714
69.657143
68.197619
69.819048
68.269048
69.869048
68.233333
69.750000
68.164286
69.454762
68.176190
69.407143
68.204762
69.290476
68.280952
69.352381
68.500000
69.326190
68.590476
69.307143
68.790476
69.476190
70.052381
69.861905
72.326190
70.969048
72.728571
70.042857
70.426190
66.297619
71.157143
74.623810
74.290476
75.028571
74.228571
73.661905
73.469048
70.909524
71.335714
67.100000
68.895238
66.047619
68.938095
67.092857
69.302381
67.897619
68.959524
68.516667
69.535714
69.790476
70.138095
69.788095
70.378571
70.004762
70.933333
70.326190
71.583333
70.688095
71.709524
70.740476
71.352381
69.866667
71.104762
68.221429
71.042857
68.216667
71.400000
68.997619
71.988095
69.769048
72.319048
70.671429
72.490476
71.071429
72.609524
71.302381
72.604762
71.404762
72.638095
71.333333
72.583333
71.380952
72.447619
71.478571
72.245238
71.190476
72.230952
69.888095
71.450000
69.342857
72.028571
70.940476
73.595238
71.097619
72.300000
69.488095
69.269048
68.966667
70.230952
69.559524
71.914286
69.964286
72.350000
70.102381
72.580952
70.185714
72.802381
70.288095
72.983333
70.366667
73.138095
70.447619
73.259524
70.530952
73.395238
70.607143
73.557143
70.645238
73.657143
70.723810
73.785714
70.819048
73.926190
70.871429
74.045238
70.952381
74.130952
71.035714
74.238095
71.138095
74.359524
71.252381
74.452381
71.354762
74.523810
71.423810
74.671429
71.523810
74.761905
71.578571
74.902381
71.540476
75.002381
71.464286
74.988095
70.957143
73.707143
67.990476
69.933333
67.471429
70.826190
72.271429
71.814286
70.730952
72.135714
75.514286
75.438095
72.859524
74.483333
70.942857
72.116667
70.104762
72.166667
70.585714
73.471429
71.319048
74.269048
72.064286
74.821429
72.707143
75.204762
73.028571
75.383333
73.176190
75.485714
73.195238
75.609524
72.909524
75.626190
72.680952
75.678571
72.559524
75.754762
72.523810
75.811905
72.676190
75.892857
72.864286
76.004762
73.011905
76.183333
73.104762
76.285714
73.159524
76.345238
73.345238
76.209524
73.707143
76.121429
74.121429
76.164286
75.404762
76.328571
76.211905
76.383333
76.542857
76.433333
76.357143
76.528571
75.814286
76.578571
74.640476
76.404762
74.021429
74.057143
73.880952
73.200000
73.323810
71.895238
73.673810
72.502381
76.066667
76.085714
77.421429
76.969048
77.395238
75.207143
76.966667
74.411905
76.600000
74.050000
76.276190
74.171429
76.135714
74.814286
76.195238
75.840476
76.438095
76.685714
76.659524
77.200000
76.804762
77.452381
76.966667
77.600000
77.045238
77.490476
77.069048
77.304762
77.126190
76.888095
77.207143
76.464286
77.288095
76.104762
77.380952
75.923810
77.485714
75.873810
77.609524
75.866667
77.754762
75.854762
77.933333
75.776190
78.092857
75.735714
78.166667
75.676190
78.202381
75.595238
78.192857
75.457143
78.085714
75.142857
77.864286
74.800000
77.402381
74.490476
77.180952
74.800000
77.459524
76.459524
77.933333
77.416667
78.240476
77.761905
78.433333
77.819048
78.395238
77.735714
78.209524
77.423810
77.997619
77.023810
77.780952
77.109524
77.788095
77.614286
78.138095
78.380952
78.635714
78.890476
78.909524
78.780952
78.914286
78.173810
78.652381
77.176190
78.166667
77.159524
77.950000
77.826190
78.066667
78.178571
78.080952
78.409524
78.121429
78.635714
78.407143
78.926190
78.680952
79.157143
78.602381
79.047619
78.221429
78.242857
77.807143
77.095238
77.178571
76.802381
76.764286
77.300000
76.850000
78.009524
77.523810
78.957143
78.164286
79.514286
78.683333
79.866667
78.973810
80.002381
79.090476
80.138095
79.116667
80.140476
79.100000
80.116667
79.069048
80.004762
79.061905
79.861905
79.069048
79.735714
79.121429
79.692857
79.192857
79.683333
79.314286
79.685714
79.357143
79.664286
79.419048
79.661905
79.464286
79.657143
79.509524
79.683333
79.492857
79.692857
79.509524
79.761905
79.547619
79.838095
79.547619
79.911905
79.516667
79.959524
79.516667
79.985714
79.495238
80.076190
79.459524
80.150000
79.452381
80.221429
79.492857
80.292857
79.585714
80.376190
79.707143
80.419048
79.752381
80.407143
79.802381
80.385714
79.816667
80.369048
79.857143
80.352381
79.861905
80.335714
79.890476
80.342857
79.940476
80.369048
79.976190
80.361905
79.976190
80.433333
79.983333
80.492857
79.980952
80.459524
79.938095
80.407143
79.880952
80.390476
79.833333
80.419048
79.892857
80.526190
80.092857
80.654762
80.380952
80.790476
80.457143
80.819048
80.526190
80.661905
80.516667
80.402381
80.421429
80.035714
80.307143
79.621429
80.123810
79.357143
79.738095
78.666667
79.180952
77.778571
78.771429
77.859524
79.107143
78.992857
79.938095
80.338095
80.492857
80.776190
80.726190
80.816667
80.580952
80.738095
80.514286
80.819048
80.616667
80.897619
80.761905
80.954762
80.950000
80.947619
81.142857
80.900000
81.278571
80.895238
81.385714
80.866667
81.485714
80.869048
81.502381
80.854762
81.521429
80.778571
81.288095
80.350000
81.064286
79.354762
80.114286
78.116667
79.057143
77.604762
79.295238
79.026190
80.892857
80.540476
81.635714
81.207143
81.840476
81.376190
81.926190
81.461905
81.857143
81.516667
81.790476
81.497619
81.695238
81.530952
81.576190
81.488095
81.545238
81.445238
81.469048
81.397619
81.333333
81.302381
81.154762
81.054762
80.826190
80.769048
80.509524
80.688095
80.402381
80.726190
80.607143
80.983333
81.023810
81.309524
81.450000
81.590476
81.766667
81.745238
81.942857
81.852381
82.033333
81.869048
82.040476
81.864286
82.064286
81.916667
82.392857
82.516667
82.842857
82.795238
83.023810
82.957143
83.083333
83.052381
83.083333
83.138095
83.121429
83.159524
83.176190
83.200000
83.211905
83.200000
83.235714
83.209524
83.257143
83.228571
83.276190
83.257143
83.300000
83.285714
83.285714
83.311905
83.288095
83.342857
83.311905
83.383333
83.292857
83.404762
83.221429
83.295238
83.026190
83.233333
82.630952
82.933333
82.004762
82.271429
80.921429
81.564286
79.873810
80.780952
79.261905
80.464286
79.602381
81.104762
81.004762
82.235714
81.892857
82.547619
82.226190
82.826190
82.469048
82.909524
82.711905
83.028571
82.885714
83.095238
83.019048
83.209524
83.085714
83.242857
83.126190
83.261905
83.145238
83.276190
83.154762
83.290476
83.121429
83.283333
83.104762
83.252381
83.019048
83.200000
82.942857
83.195238
82.850000
83.150000
82.764286
83.114286
82.642857
83.073810
82.571429
83.033333
82.409524
83.014286
82.292857
82.947619
82.261905
82.950000
82.245238
82.935714
82.361905
82.959524
82.478571
83.011905
82.580952
82.959524
82.628571
82.923810
82.611905
82.895238
82.564286
82.883333
82.588095
82.871429
82.602381
82.947619
82.659524
82.992857
82.761905
83.059524
82.807143
83.119048
82.890476
83.207143
82.947619
83.273810
82.957143
83.250000
82.952381
83.190476
82.907143
83.030952
82.721429
82.630952
82.411905
81.990476
82.000000
81.352381
81.659524
81.190476
81.916667
82.026190
82.709524
83.128571
83.214286
83.535714
83.488095
83.630952
83.578571
83.638095
83.571429
83.595238
83.571429
83.535714
83.511905
83.478571
83.464286
83.352381
83.314286
83.292857
83.169048
83.150000
82.921429
82.983333
82.542857
82.700000
82.190476
82.511905
81.976190
82.483333
81.895238
82.690476
82.026190
82.919048
82.276190
83.069048
82.626190
83.295238
82.938095
83.423810
83.188095
83.590476
83.283333
83.635714
83.392857
83.700000
83.454762
83.730952
83.490476
83.745238
83.483333
83.759524
83.502381
83.771429
83.495238
83.797619
83.509524
83.783333
83.500000
83.752381
83.452381
83.728571
83.411905
83.700000
83.335714
83.633333
83.190476
83.542857
83.028571
83.440476
82.919048
83.338095
82.869048
83.278571
82.864286
83.323810
82.952381
83.414286
83.045238
83.490476
83.138095
83.635714
83.297619
83.721429
83.409524
83.740476
83.461905
83.745238
83.442857
83.704762
83.435714
83.704762
83.433333
83.709524
83.366667
83.638095
83.226190
83.471429
83.016667
83.226190
82.740476
82.607143
82.397619
82.183333
82.319048
82.238095
82.671429
83.028571
83.357143
83.726190
83.804762
84.050000
84.014286
84.107143
84.111905
84.173810
84.126190
84.178571
84.178571
84.166667
84.209524
84.145238
84.142857
84.095238
84.083333
84.059524
83.978571
84.021429
83.847619
83.930952
83.657143
83.785714
83.297619
83.495238
82.897619
83.209524
82.478571
83.128571
82.369048
83.197619
82.545238
83.388095
82.926190
83.642857
83.407143
83.923810
83.735714
84.126190
83.942857
84.211905
84.019048
84.295238
84.111905
84.357143
84.157143
84.366667
84.211905
84.380952
84.233333
84.409524
84.226190
84.430952
84.257143
84.450000
84.252381
84.471429
84.221429
84.419048
84.190476
84.366667
84.059524
84.302381
83.859524
84.202381
83.657143
84.038095
83.442857
83.916667
83.250000
83.835714
83.166667
83.859524
83.345238
84.004762
83.642857
84.154762
83.916667
84.376190
84.052381
84.352381
84.092857
84.204762
83.911905
84.040476
83.661905
83.916667
83.504762
83.804762
83.364286
83.728571
83.321429
83.619048
83.240476
83.526190
83.204762
83.371429
83.338095
83.509524
83.621429
83.864286
83.947619
84.200000
84.266667
84.476190
84.461905
84.516667
84.585714
84.607143
84.697619
84.666667
84.740476
84.716667
84.788095
84.740476
84.761905
84.742857
84.700000
84.730952
84.600000
84.652381
84.464286
84.573810
84.180952
84.402381
83.833333
84.083333
83.369048
83.761905
82.971429
83.559524
82.788095
83.738095
83.066667
83.990476
83.540476
84.335714
83.995238
84.588095
84.369048
84.795238
84.538095
84.909524
84.716667
84.945238
84.764286
85.000000
84.802381
85.019048
84.826190
84.992857
84.864286
84.973810
84.864286
84.976190
84.861905
85.000000
84.857143
84.966667
84.864286
84.966667
84.828571
84.969048
84.807143
84.966667
84.769048
84.902381
84.680952
84.821429
84.621429
84.750000
84.461905
84.678571
84.273810
84.578571
83.871429
84.316667
83.371429
83.816667
82.585714
83.457143
82.247619
83.602381
83.207143
84.419048
84.714286
85.150000
85.326190
85.414286
85.454762
85.580952
85.533333
85.630952
85.602381
85.683333
85.600000
85.678571
85.585714
85.592857
85.471429
85.452381
85.202381
85.147619
84.716667
84.780952
83.976190
84.088095
83.361905
83.500000
83.073810
83.147619
83.064286
83.285714
83.338095
83.623810
83.769048
83.926190
83.995238
84.323810
84.428571
84.680952
84.769048
85.054762
85.092857
85.292857
85.330952
85.442857
85.452381
85.530952
85.540476
85.571429
85.564286
85.609524
85.576190
85.619048
85.590476
85.607143
85.550000
85.588095
85.538095
85.559524
85.395238
85.435714
85.235714
85.276190
84.980952
84.942857
84.535714
84.619048
83.888095
84.069048
83.176190
83.690476
82.550000
83.654762
82.516667
84.042857
83.209524
84.690476
84.328571
85.185714
85.192857
85.528571
85.480952
85.628571
85.580952
85.704762
85.652381
85.745238
85.685714
85.728571
85.680952
85.714286
85.695238
85.733333
85.688095
85.702381
85.652381
85.638095
85.585714
85.602381
85.526190
85.552381
85.454762
85.528571
85.352381
85.445238
85.316667
85.442857
85.226190
85.469048
85.211905
85.507143
85.204762
85.492857
85.119048
85.447619
85.085714
85.385714
84.990476
85.150000
84.771429
84.880952
84.438095
84.447619
84.014286
83.788095
83.711905
83.495238
83.807143
84.004762
84.276190
84.602381
84.785714
85.133333
85.214286
85.535714
85.521429
85.680952
85.664286
85.797619
85.707143
85.838095
85.666667
85.830952
85.507143
85.690476
85.204762
85.354762
84.550000
84.871429
83.697619
84.338095
83.028571
84.183333
83.197619
84.709524
84.357143
85.483333
85.271429
85.823810
85.702381
85.957143
85.814286
85.983333
85.859524
85.990476
85.902381
86.000000
85.902381
86.004762
85.892857
86.000000
85.904762
85.995238
85.923810
86.023810
85.942857
86.035714
85.952381
86.042857
85.940476
86.057143
85.976190
86.102381
85.966667
86.111905
85.954762
86.128571
85.904762
86.109524
85.830952
86.085714
85.800000
86.033333
85.719048
85.911905
85.569048
85.878571
85.392857
85.738095
85.142857
85.526190
84.792857
85.178571
84.221429
84.930952
83.909524
84.961905
84.335714
85.366667
85.230952
85.892857
85.738095
86.152381
85.947619
86.183333
86.035714
86.061905
85.811905
85.711905
85.445238
85.247619
84.947619
84.790476
84.528571
84.576190
84.357143
84.583333
84.523810
84.854762
84.859524
85.269048
85.288095
85.640476
85.723810
85.885714
85.940476
86.069048
86.076190
86.230952
86.180952
86.307143
86.216667
86.392857
86.259524
86.421429
86.271429
86.433333
86.269048
86.407143
86.216667
86.392857
86.133333
86.311905
86.004762
86.250000
85.838095
86.119048
85.619048
85.990476
85.426190
85.897619
85.266667
85.716667
85.090476
85.714286
85.109524
85.759524
85.159524
85.830952
85.259524
85.933333
85.523810
86.076190
85.666667
86.133333
85.904762
86.276190
86.038095
86.366667
86.228571
86.442857
86.390476
86.502381
86.464286
86.571429
86.471429
86.628571
86.490476
86.671429
86.526190
86.657143
86.490476
86.602381
86.402381
86.497619
86.252381
86.264286
86.100000
86.097619
85.742857
85.788095
85.492857
85.492857
85.380952
85.226190
85.485714
85.223810
85.666667
85.430952
85.869048
85.707143
86.119048
86.057143
86.257143
86.254762
86.385714
86.350000
86.407143
86.409524
86.438095
86.195238
86.152381
85.628571
85.514286
84.409524
84.083333
81.800000
78.828571
63.769048
63.440476
52.023810
66.452381
69.666667
73.854762
78.323810
83.559524
84.411905
85.061905
85.545238
85.816667
86.007143
86.166667
86.271429
86.395238
86.504762
86.561905
86.604762
86.633333
86.657143
86.678571
86.711905
86.735714
86.795238
86.828571
86.840476
86.847619
86.873810
86.900000
86.900000
86.933333
86.942857
86.971429
86.978571
86.992857
86.995238
87.014286
87.030952
87.030952
87.057143
87.071429
87.085714
87.095238
87.100000
87.109524
87.102381
87.104762
87.107143
87.100000
87.109524
87.119048
87.121429
87.130952
87.126190
87.142857
87.140476
87.150000
87.150000
87.152381
87.159524
87.169048
87.166667
87.180952
87.190476
87.204762
87.226190
87.223810
87.228571
87.214286
87.247619
87.233333
87.254762
87.235714
87.233333
87.254762
87.266667
87.302381
87.300000
87.333333
87.316667
87.330952
87.304762
87.347619
87.328571
87.311905
87.321429
87.283333
87.295238
87.259524
87.269048
87.111905
87.178571
86.747619
86.773810
85.969048
86.145238
84.628571
85.200000
83.673810
84.907143
84.533333
86.019048
86.464286
86.852381
87.135714
87.088095
87.264286
87.209524
87.290476
87.297619
87.271429
87.326190
87.223810
87.326190
87.133333
87.330952
87.045238
87.107143
86.869048
86.804762
86.578571
86.473810
86.078571
85.930952
85.359524
85.461905
84.876190
85.245238
85.040476
85.442857
85.530952
85.850000
86.007143
86.200000
86.297619
86.502381
86.523810
86.709524
86.669048
86.966667
86.961905
87.119048
87.090476
87.283333
87.197619
87.352381
87.285714
87.392857
87.385714
87.426190
87.452381
87.461905
87.459524
87.473810
87.492857
87.502381
87.483333
87.526190
87.483333
87.511905
87.454762
87.509524
87.411905
87.478571
87.371429
87.438095
87.323810
87.419048
87.271429
87.388095
87.226190
87.350000
87.209524
87.323810
87.207143
87.330952
87.233333
87.338095
87.254762
87.350000
87.264286
87.345238
87.266667
87.373810
87.333333
87.357143
87.345238
87.350000
87.361905
87.321429
87.347619
87.300000
87.288095
87.261905
87.257143
87.228571
87.154762
87.030952
86.938095
86.833333
86.735714
86.621429
86.376190
86.192857
86.002381
85.895238
85.726190
85.780952
85.714286
85.940476
85.795238
85.738095
85.766667
85.228571
85.695238
85.235714
86.226190
86.385714
87.126190
87.173810
87.488095
87.469048
87.652381
87.616667
87.685714
87.680952
87.733333
87.700000
87.719048
87.738095
87.754762
87.750000
87.769048
87.792857
87.790476
87.816667
87.780952
87.835714
87.790476
87.833333
87.788095
87.845238
87.807143
87.842857
87.823810
87.842857
87.823810
87.835714
87.864286
87.842857
87.873810
87.861905
87.885714
87.876190
87.885714
87.880952
87.888095
87.883333
87.885714
87.878571
87.880952
87.890476
87.892857
87.895238
87.904762
87.914286
87.923810
87.923810
87.930952
87.935714
87.938095
87.945238
87.945238
87.942857
87.945238
87.947619
87.952381
87.957143
87.959524
87.957143
87.961905
87.966667
87.971429
87.973810
87.976190
87.976190
87.976190
87.976190
87.990476
87.985714
87.980952
87.983333
87.983333
87.983333
87.985714
87.988095
87.990476
87.995238
87.997619
87.992857
88.000000
88.002381
88.007143
88.019048
88.021429
88.023810
88.019048
88.028571
88.033333
88.033333
88.038095
88.042857
88.040476
88.045238
88.050000
88.052381
88.054762
88.047619
88.054762
88.057143
88.054762
88.050000
88.052381
88.057143
88.061905
88.064286
88.064286
88.066667
88.076190
88.080952
88.088095
88.090476
88.095238
88.097619
88.097619
88.102381
88.104762
88.102381
88.107143
88.104762
88.111905
88.119048
88.121429
88.123810
88.135714
88.138095
88.138095
88.138095
88.135714
88.145238
88.154762
88.152381
88.157143
88.161905
88.164286
88.161905
88.161905
88.164286
88.166667
88.171429
88.171429
88.171429
88.169048
88.176190
88.178571
88.178571
88.183333
88.185714
88.180952
88.190476
88.190476
88.192857
88.190476
88.188095
88.192857
88.192857
88.192857
88.192857
88.200000
88.200000
88.204762
88.204762
88.204762
88.204762
88.209524
88.219048
88.214286
88.223810
88.214286
88.223810
88.216667
88.226190
88.226190
88.233333
88.228571
88.240476
88.235714
88.250000
88.238095
88.245238
88.259524
88.250000
88.276190
88.252381
88.278571
88.283333
88.271429
88.219048
88.164286
88.028571
87.869048
87.492857
86.107143
85.652381
81.795238
83.395238
74.978571
70.288095
70.021429
69.219048
77.316667
77.647619
80.338095
80.997619
83.309524
83.338095
85.497619
85.285714
86.645238
86.678571
87.214286
87.238095
87.433333
87.478571
87.528571
87.559524
87.614286
87.635714
87.702381
87.728571
87.750000
87.785714
87.852381
87.871429
87.900000
87.897619
87.930952
87.992857
88.016667
88.035714
88.059524
88.061905
88.052381
88.061905
88.080952
88.116667
88.147619
88.169048
88.161905
88.178571
88.190476
88.209524
88.245238
88.259524
88.271429
88.273810
88.269048
88.276190
88.304762
88.316667
88.330952
88.342857
88.350000
88.361905
88.354762
88.366667
88.359524
88.357143
88.366667
88.383333
88.380952
88.376190
88.383333
88.385714
88.385714
88.380952
88.395238
88.400000
88.407143
88.404762
88.409524
88.416667
88.423810
88.430952
88.428571
88.430952
88.445238
88.445238
88.447619
88.454762
88.454762
88.452381
88.464286
88.461905
88.464286
88.469048
88.464286
88.452381
88.452381
88.442857
88.440476
88.447619
88.452381
88.450000
88.447619
88.454762
88.459524
88.464286
88.476190
88.483333
88.492857
88.492857
88.497619
88.500000
88.497619
88.495238
88.500000
88.492857
88.502381
88.507143
88.509524
88.514286
88.523810
88.530952
88.530952
88.533333
88.540476
88.538095
88.542857
88.540476
88.547619
88.559524
88.557143
88.557143
88.559524
88.559524
88.564286
88.564286
88.571429
88.583333
88.585714
88.590476
88.595238
88.592857
88.600000
88.604762
88.609524
88.614286
88.611905
88.611905
88.619048
88.628571
88.630952
88.638095
88.645238
88.652381
88.650000
88.652381
88.652381
88.654762
88.661905
88.671429
88.673810
88.676190
88.680952
88.685714
88.690476
88.692857
88.697619
88.702381
88.702381
88.707143
88.707143
88.711905
88.719048
88.726190
88.738095
88.745238
88.745238
88.745238
88.752381
88.757143
88.754762
88.752381
88.757143
88.761905
88.766667
88.771429
88.773810
88.783333
88.778571
88.780952
88.778571
88.780952
88.783333
88.785714
88.785714
88.783333
88.790476
88.795238
88.797619
88.804762
88.807143
88.811905
88.814286
88.811905
88.816667
88.828571
88.826190
88.833333
88.826190
88.830952
88.826190
88.838095
88.830952
88.847619
88.847619
88.850000
88.842857
88.835714
88.845238
88.828571
88.847619
88.828571
88.809524
88.835714
88.800000
88.785714
88.740476
88.635714
88.545238
88.107143
87.671429
86.440476
84.750000
83.866667
82.911905
82.154762
84.669048
84.095238
86.616667
87.376190
88.257143
88.445238
88.597619
88.645238
88.635714
88.621429
88.621429
88.557143
88.533333
88.464286
88.440476
88.395238
88.402381
88.359524
88.411905
88.378571
88.478571
88.469048
88.585714
88.616667
88.707143
88.728571
88.790476
88.795238
88.766667
88.828571
88.792857
88.840476
88.816667
88.852381
88.835714
88.859524
88.854762
88.871429
88.859524
88.873810
88.876190
88.876190
88.878571
88.895238
88.890476
88.900000
88.885714
88.904762
88.885714
88.895238
88.883333
88.900000
88.897619
88.904762
88.890476
88.911905
88.907143
88.911905
88.900000
88.919048
88.897619
88.928571
88.890476
88.930952
88.883333
88.919048
88.869048
88.888095
88.859524
88.826190
88.830952
88.785714
88.788095
88.740476
88.735714
88.673810
88.638095
88.609524
88.564286
88.559524
88.538095
88.535714
88.542857
88.545238
88.559524
88.552381
88.521429
88.573810
88.535714
88.523810
88.466667
88.378571
88.188095
87.933333
87.604762
87.400000
87.052381
87.159524
87.133333
87.747619
87.938095
88.361905
88.490476
88.695238
88.783333
88.847619
88.945238
88.921429
88.969048
88.976190
89.011905
88.969048
89.000000
88.983333
89.002381
88.978571
89.014286
88.976190
89.026190
88.995238
89.019048
88.985714
89.014286
88.988095
89.016667
88.997619
89.011905
89.004762
88.978571
88.992857
88.964286
88.964286
88.940476
88.950000
88.888095
88.895238
88.826190
88.850000
88.783333
88.788095
88.730952
88.771429
88.714286
88.757143
88.700000
88.790476
88.700000
88.804762
88.735714
88.840476
88.811905
88.892857
88.852381
88.923810
88.900000
88.978571
88.926190
89.009524
88.983333
89.038095
88.995238
89.059524
88.973810
89.052381
89.000000
89.035714
88.966667
89.007143
88.966667
88.973810
88.945238
88.945238
88.885714
88.819048
88.759524
88.709524
88.630952
88.600000
88.428571
88.357143
88.226190
88.073810
88.064286
87.916667
87.992857
87.907143
88.126190
88.173810
88.359524
88.528571
88.590476
88.690476
88.730952
88.761905
88.752381
88.788095
88.816667
88.754762
88.823810
88.759524
88.866667
88.828571
88.961905
88.923810
89.047619
88.985714
89.142857
89.069048
89.192857
89.135714
89.230952
89.183333
89.261905
89.216667
89.254762
89.233333
89.242857
89.257143
89.269048
89.247619
89.278571
89.261905
89.278571
89.257143
89.297619
89.259524
89.300000
89.264286
89.300000
89.278571
89.302381
89.271429
89.292857
89.290476
89.302381
89.292857
89.302381
89.276190
89.290476
89.278571
89.297619
89.276190
89.278571
89.254762
89.240476
89.183333
89.219048
89.147619
89.152381
89.085714
89.042857
88.952381
88.930952
88.792857
88.700000
88.607143
88.447619
88.328571
88.078571
87.959524
87.630952
87.321429
87.171429
87.004762
87.264286
87.423810
87.971429
88.380952
88.747619
88.980952
89.121429
89.240476
89.259524
89.345238
89.328571
89.371429
89.388095
89.376190
89.402381
89.364286
89.411905
89.373810
89.397619
89.369048
89.397619
89.373810
89.404762
89.366667
89.419048
89.366667
89.423810
89.380952
89.430952
89.380952
89.419048
89.373810
89.438095
89.369048
89.411905
89.330952
89.385714
89.288095
89.371429
89.223810
89.321429
89.102381
89.209524
89.002381
89.092857
88.828571
88.947619
88.604762
88.838095
88.476190
88.861905
88.590476
89.033333
88.769048
89.157143
88.966667
89.259524
89.150000
89.371429
89.278571
89.400000
89.328571
89.433333
89.361905
89.452381
89.400000
89.442857
89.407143
89.457143
89.426190
89.464286
89.402381
89.442857
89.395238
89.430952
89.383333
89.402381
89.352381
89.380952
89.297619
89.288095
89.166667
89.195238
89.026190
89.019048
88.819048
88.802381
88.538095
88.488095
88.269048
88.178571
88.069048
88.161905
88.216667
88.471429
88.530952
88.916667
88.921429
89.042857
89.047619
89.104762
89.088095
89.038095
89.071429
89.019048
89.130952
89.061905
89.242857
89.107143
89.302381
89.216667
89.411905
89.333333
89.442857
89.392857
89.476190
89.461905
89.528571
89.476190
89.552381
89.497619
89.578571
89.521429
89.607143
89.516667
89.604762
89.521429
89.602381
89.535714
89.597619
89.530952
89.619048
89.528571
89.619048
89.511905
89.604762
89.492857
89.564286
89.461905
89.554762
89.454762
89.559524
89.450000
89.540476
89.407143
89.502381
89.364286
89.469048
89.297619
89.366667
89.238095
89.290476
89.092857
89.190476
88.995238
89.073810
88.930952
89.030952
88.869048
89.016667
88.876190
89.054762
88.888095
89.157143
89.023810
89.240476
89.140476
89.309524
89.228571
89.392857
89.252381
89.366667
89.266667
89.371429
89.261905
89.371429
89.240476
89.330952
89.204762
89.297619
89.123810
89.257143
89.095238
89.126190
88.973810
88.959524
88.826190
88.735714
88.595238
88.400000
88.438095
88.292857
88.419048
88.459524
88.683333
88.911905
89.164286
89.278571
89.416667
89.438095
89.547619
89.542857
89.583333
89.580952
89.588095
89.602381
89.604762
89.602381
89.630952
89.597619
89.633333
89.604762
89.640476
89.638095
89.633333
89.650000
89.642857
89.645238
89.638095
89.673810
89.588095
89.650000
89.571429
89.616667
89.538095
89.602381
89.466667
89.542857
89.400000
89.502381
89.366667
89.402381
89.257143
89.309524
89.140476
89.226190
89.028571
89.135714
88.921429
89.128571
88.888095
89.150000
88.971429
89.266667
89.128571
89.395238
89.290476
89.535714
89.421429
89.666667
89.480952
89.697619
89.538095
89.723810
89.580952
89.721429
89.609524
89.702381
89.645238
89.730952
89.621429
89.745238
89.630952
89.769048
89.630952
89.754762
89.654762
89.730952
89.604762
89.700000
89.545238
89.588095
89.354762
89.369048
89.033333
89.107143
88.378571
88.509524
87.628571
87.926190
87.130952
87.845238
88.002381
88.623810
88.895238
89.114286
89.119048
89.219048
89.228571
89.173810
89.238095
89.171429
89.278571
89.178571
89.314286
89.214286
89.397619
89.307143
89.483333
89.414286
89.576190
89.523810
89.671429
89.595238
89.704762
89.659524
89.728571
89.683333
89.726190
89.697619
89.733333
89.700000
89.733333
89.721429
89.738095
89.730952
89.752381
89.723810
89.752381
89.719048
89.759524
89.721429
89.759524
89.752381
89.757143
89.719048
89.759524
89.707143
89.776190
89.702381
89.747619
89.695238
89.730952
89.661905
89.828571
89.814286
89.883333
89.871429
89.876190
89.880952
89.871429
89.880952
89.883333
89.890476
89.885714
89.885714
89.890476
89.892857
89.895238
89.897619
89.900000
89.904762
89.911905
89.904762
89.904762
89.902381
89.902381
89.900000
89.900000
89.907143
89.909524
89.909524
89.911905
89.914286
89.916667
89.921429
89.923810
89.923810
89.923810
89.933333
89.933333
89.933333
89.930952
89.933333
89.933333
89.938095
89.938095
89.942857
89.947619
89.947619
89.942857
89.945238
89.945238
89.945238
89.945238
89.947619
89.954762
89.954762
89.954762
89.954762
89.952381
89.954762
89.952381
89.952381
89.954762
89.957143
89.957143
89.957143
89.954762
89.954762
89.954762
89.954762
89.952381
89.952381
89.950000
89.952381
89.952381
89.952381
89.952381
89.947619
89.950000
89.947619
89.947619
89.952381
89.950000
89.945238
89.945238
89.945238
89.947619
89.947619
89.947619
89.947619
89.947619
89.950000
89.952381
89.950000
89.950000
89.952381
89.954762
89.954762
89.959524
89.959524
89.959524
89.961905
89.961905
89.959524
89.964286
89.964286
89.961905
89.959524
89.961905
89.966667
89.973810
89.973810
89.973810
89.973810
89.976190
89.980952
89.980952
89.983333
89.980952
89.985714
89.988095
89.990476
89.990476
89.992857
89.995238
89.997619
89.995238
89.995238
89.995238
89.992857
89.992857
89.990476
89.990476
89.992857
89.992857
89.995238
89.997619
89.995238
89.997619
90.002381
90.002381
90.004762
90.007143
90.004762
90.002381
90.002381
90.004762
90.007143
90.007143
90.009524
90.009524
90.009524
90.009524
90.009524
90.009524
90.009524
90.011905
90.014286
90.014286
90.014286
90.011905
90.016667
90.016667
90.016667
90.016667
90.016667
90.016667
90.016667
90.016667
90.021429
90.021429
90.023810
90.026190
90.028571
90.030952
90.030952
90.030952
90.035714
90.038095
90.035714
90.035714
90.040476
90.040476
90.040476
90.040476
90.038095
90.042857
90.047619
90.054762
90.057143
90.057143
90.061905
90.061905
90.057143
90.061905
90.061905
90.057143
90.057143
90.057143
90.059524
90.059524
90.059524
90.061905
90.061905
90.064286
90.066667
90.066667
90.066667
90.073810
90.076190
90.076190
90.080952
90.080952
90.078571
90.076190
90.078571
90.078571
90.080952
90.080952
90.080952
90.080952
90.088095
90.088095
90.090476
90.090476
90.090476
90.092857
90.097619
90.100000
90.102381
90.104762
90.104762
90.104762
90.109524
90.107143
90.109524
90.109524
90.111905
90.109524
90.109524
90.109524
90.109524
90.109524
90.114286
90.114286
90.114286
90.114286
90.119048
90.123810
90.116667
90.116667
90.119048
90.114286
90.119048
90.119048
90.119048
90.121429
90.121429
90.121429
90.119048
90.119048
90.119048
90.123810
90.123810
90.123810
90.123810
90.123810
90.123810
90.123810
90.121429
90.121429
90.121429
90.126190
90.126190
90.126190
90.126190
90.126190
90.133333
90.135714
90.133333
90.133333
90.133333
90.130952
90.133333
90.133333
90.135714
90.135714
90.140476
90.145238
90.145238
90.147619
90.147619
90.147619
90.147619
90.147619
90.147619
90.145238
90.145238
90.145238
90.142857
90.142857
90.140476
90.140476
90.140476
90.145238
90.147619
90.147619
90.150000
90.150000
90.154762
90.154762
90.159524
90.154762
90.154762
90.154762
90.154762
90.154762
90.152381
90.152381
90.150000
90.152381
90.157143
90.157143
90.161905
90.166667
90.169048
90.166667
90.171429
90.169048
90.169048
90.171429
90.173810
90.173810
90.176190
90.176190
90.178571
90.180952
90.180952
90.185714
90.185714
90.185714
90.185714
90.185714
90.185714
90.185714
90.188095
90.185714
90.188095
90.188095
90.188095
90.190476
90.190476
90.190476
90.190476
90.190476
90.192857
90.192857
90.195238
90.200000
90.200000
90.202381
90.204762
90.204762
90.207143
90.209524
90.209524
90.211905
90.211905
90.214286
90.216667
90.219048
90.219048
90.216667
90.216667
90.214286
90.211905
90.211905
90.214286
90.214286
90.216667
90.216667
90.219048
90.214286
90.216667
90.219048
90.219048
90.216667
90.216667
90.219048
90.219048
90.221429
90.223810
90.223810
90.226190
90.221429
90.219048
90.221429
90.219048
90.219048
90.223810
90.214286
90.235714
90.223810
90.238095
90.219048
90.254762
90.164286
90.233333
90.126190
90.197619
89.976190
89.911905
89.183333
88.395238
84.726190
82.002381
78.071429
79.116667
83.123810
86.885714
88.609524
89.547619
89.785714
89.888095
89.964286
89.976190
90.033333
90.030952
90.100000
90.069048
90.145238
90.126190
90.150000
90.147619
90.164286
90.138095
90.161905
90.133333
90.171429
90.128571
90.164286
90.121429
90.159524
90.116667
90.130952
90.126190
90.097619
90.080952
90.076190
90.035714
90.002381
89.952381
89.952381
89.871429
89.890476
89.816667
89.816667
89.716667
89.750000
89.635714
89.716667
89.564286
89.683333
89.573810
89.754762
89.652381
89.788095
89.780952
89.945238
89.930952
90.028571
90.078571
90.104762
90.140476
90.135714
90.207143
90.176190
90.180952
90.230952
90.226190
90.254762
90.245238
90.266667
90.254762
90.257143
90.252381
90.247619
90.264286
90.266667
90.264286
90.273810
90.266667
90.280952
90.266667
90.278571
90.273810
90.285714
90.271429
90.280952
90.273810
90.276190
90.273810
90.266667
90.271429
90.261905
90.266667
90.257143
90.252381
90.252381
90.240476
90.233333
90.216667
90.221429
90.219048
90.188095
90.221429
90.154762
90.216667
90.154762
90.197619
90.121429
90.138095
90.090476
90.016667
90.019048
89.935714
89.954762
89.816667
89.821429
89.688095
89.742857
89.578571
89.647619
89.523810
89.652381
89.557143
89.769048
89.695238
89.921429
89.890476
90.030952
90.073810
90.166667
90.209524
90.176190
90.259524
90.288095
90.280952
90.292857
90.309524
90.319048
90.335714
90.321429
90.316667
90.326190
90.338095
90.321429
90.338095
90.316667
90.338095
90.321429
90.340476
90.321429
90.340476
90.321429
90.340476
90.330952
90.342857
90.338095
90.342857
90.330952
90.338095
90.333333
90.340476
90.338095
90.340476
90.335714
90.335714
90.335714
90.342857
90.333333
90.340476
90.333333
90.347619
90.335714
90.350000
90.323810
90.345238
90.319048
90.345238
90.311905
90.335714
90.314286
90.297619
90.271429
90.276190
90.252381
90.273810
90.219048
90.278571
90.223810
90.252381
90.207143
90.176190
90.150000
90.083333
90.061905
89.916667
89.950000
89.754762
89.821429
89.611905
89.664286
89.447619
89.526190
89.402381
89.576190
89.504762
89.761905
89.735714
90.004762
90.078571
90.161905
90.233333
90.247619
90.321429
90.326190
90.338095
90.378571
90.376190
90.392857
90.380952
90.385714
90.373810
90.378571
90.395238
90.392857
90.392857
90.397619
90.395238
90.395238
90.385714
90.390476
90.392857
90.397619
90.395238
90.392857
90.407143
90.397619
90.421429
90.400000
90.428571
90.397619
90.426190
90.397619
90.428571
90.404762
90.430952
90.409524
90.430952
90.411905
90.433333
90.411905
90.438095
90.414286
90.440476
90.416667
90.428571
90.423810
90.430952
90.416667
90.440476
90.421429
90.430952
90.428571
90.442857
90.419048
90.430952
90.423810
90.423810
90.419048
90.419048
90.414286
90.388095
90.380952
90.409524
90.354762
90.380952
90.350000
90.357143
90.323810
90.342857
90.335714
90.347619
90.276190
90.238095
90.183333
90.083333
90.100000
89.890476
89.935714
89.678571
89.647619
89.328571
89.340476
88.957143
89.090476
88.864286
89.230952
89.228571
89.745238
89.871429
90.130952
90.273810
90.278571
90.376190
90.409524
90.409524
90.442857
90.411905
90.445238
90.447619
90.447619
90.461905
90.469048
90.464286
90.471429
90.473810
90.492857
90.480952
90.490476
90.476190
90.500000
90.497619
90.511905
90.497619
90.514286
90.504762
90.519048
90.502381
90.514286
90.509524
90.507143
90.511905
90.504762
90.509524
90.507143
90.507143
90.504762
90.519048
90.502381
90.516667
90.500000
90.509524
90.502381
90.511905
90.500000
90.511905
90.492857
90.507143
90.488095
90.507143
90.495238
90.511905
90.480952
90.514286
90.473810
90.526190
90.466667
90.514286
90.461905
90.509524
90.450000
90.497619
90.447619
90.480952
90.407143
90.466667
90.395238
90.478571
90.350000
90.457143
90.328571
90.407143
90.288095
90.395238
90.216667
90.354762
90.147619
90.278571
90.050000
90.178571
89.911905
90.114286
89.830952
90.102381
89.857143
90.195238
89.976190
90.278571
90.107143
90.300000
90.180952
90.345238
90.192857
90.278571
90.173810
90.250000
90.164286
90.219048
90.109524
90.152381
90.042857
90.095238
89.938095
90.014286
89.890476
89.957143
89.840476
89.942857
89.866667
90.021429
89.957143
90.095238
90.061905
90.135714
90.173810
90.223810
90.245238
90.280952
90.314286
90.326190
90.390476
90.366667
90.442857
90.385714
90.466667
90.414286
90.480952
90.435714
90.514286
90.457143
90.514286
90.459524
90.516667
90.447619
90.521429
90.464286
90.528571
90.466667
90.535714
90.469048
90.542857
90.473810
90.542857
90.478571
90.542857
90.478571
90.542857
90.483333
90.540476
90.478571
90.533333
90.457143
90.535714
90.457143
90.516667
90.440476
90.530952
90.423810
90.502381
90.411905
90.476190
90.419048
90.466667
90.414286
90.478571
90.371429
90.421429
90.326190
90.390476
90.292857
90.302381
90.257143
90.228571
90.190476
90.173810
90.076190
89.992857
89.980952
89.840476
89.814286
89.683333
89.676190
89.564286
89.600000
89.533333
89.661905
89.650000
89.840476
89.888095
90.035714
90.157143
90.242857
90.340476
90.352381
90.452381
90.421429
90.488095
90.478571
90.526190
90.490476
90.566667
90.495238
90.580952
90.516667
90.597619
90.538095
90.614286
90.552381
90.609524
90.552381
90.607143
90.557143
90.602381
90.569048
90.614286
90.557143
90.619048
90.545238
90.600000
90.509524
90.597619
90.509524
90.607143
90.488095
90.590476
90.440476
90.569048
90.428571
90.571429
90.385714
90.550000
90.364286
90.464286
90.259524
90.354762
90.104762
90.271429
89.902381
90.104762
89.671429
89.957143
89.547619
89.895238
89.597619
90.035714
89.861905
90.254762
90.119048
90.409524
90.297619
90.452381
90.407143
90.514286
90.471429
90.509524
90.478571
90.504762
90.502381
90.507143
90.519048
90.509524
90.504762
90.516667
90.523810
90.507143
90.523810
90.500000
90.526190
90.492857
90.519048
90.497619
90.521429
90.509524
90.516667
90.500000
90.509524
90.495238
90.485714
90.476190
90.469048
90.471429
90.471429
90.435714
90.447619
90.433333
90.428571
90.414286
90.392857
90.392857
90.335714
90.550000
90.638095
90.642857
90.650000
90.654762
90.654762
90.654762
90.654762
90.652381
90.657143
90.654762
90.657143
90.654762
90.657143
90.652381
90.652381
90.652381
90.657143
90.654762
90.654762
90.659524
90.664286
90.664286
90.669048
90.666667
90.669048
90.669048
90.669048
90.669048
90.669048
90.671429
90.676190
90.678571
90.683333
90.688095
90.688095
90.692857
90.695238
90.695238
90.695238
90.695238
90.695238
90.695238
90.695238
90.690476
90.688095
90.688095
90.685714
90.685714
90.685714
90.688095
90.688095
90.688095
90.688095
90.683333
90.683333
90.680952
90.678571
90.676190
90.676190
90.673810
90.673810
90.673810
90.673810
90.673810
90.673810
90.673810
90.673810
90.673810
90.673810
90.676190
90.673810
90.676190
90.676190
90.680952
90.680952
90.680952
90.678571
90.673810
90.673810
90.673810
90.673810
90.676190
90.676190
90.676190
90.676190
90.676190
90.676190
90.676190
90.676190
90.676190
90.676190
90.676190
90.676190
90.673810
90.676190
90.676190
90.678571
90.678571
90.676190
90.680952
90.683333
90.683333
90.685714
90.685714
90.688095
90.688095
90.690476
90.690476
90.690476
90.690476
90.688095
90.688095
90.688095
90.688095
90.685714
90.688095
90.690476
90.690476
90.692857
90.692857
90.692857
90.690476
90.690476
90.690476
90.695238
90.695238
90.695238
90.695238
90.695238
90.695238
90.697619
90.700000
90.702381
90.700000
90.700000
90.700000
90.700000
90.702381
90.702381
90.702381
90.702381
90.702381
90.702381
90.702381
90.704762
90.704762
90.704762
90.707143
90.707143
90.709524
90.711905
90.709524
90.714286
90.711905
90.709524
90.709524
90.709524
90.709524
90.709524
90.714286
90.714286
90.714286
90.716667
90.716667
90.719048
90.719048
90.719048
90.719048
90.719048
90.719048
90.719048
90.719048
90.719048
90.719048
90.719048
90.719048
90.719048
90.719048
90.716667
90.716667
90.716667
90.716667
90.714286
90.714286
90.714286
90.711905
90.716667
90.716667
90.716667
90.716667
90.714286
90.716667
90.716667
90.719048
90.719048
90.721429
90.721429
90.719048
90.719048
90.719048
90.721429
90.721429
90.721429
90.721429
90.721429
90.721429
90.721429
90.721429
90.721429
90.723810
90.723810
90.726190
90.723810
90.723810
90.723810
90.723810
90.723810
90.723810
90.723810
90.723810
90.721429
90.723810
90.726190
90.726190
90.726190
90.726190
90.726190
90.726190
90.726190
90.726190
90.726190
90.726190
90.726190
90.726190
90.726190
90.728571
90.728571
90.728571
90.728571
90.728571
90.728571
90.728571
90.728571
90.728571
90.728571
90.728571
90.728571
90.728571
90.730952
90.730952
90.730952
90.730952
90.730952
90.738095
90.740476
90.740476
90.738095
90.740476
90.740476
90.740476
90.742857
90.742857
90.742857
90.742857
90.742857
90.740476
90.740476
90.740476
90.742857
90.742857
90.745238
90.745238
90.747619
90.747619
90.747619
90.747619
90.747619
90.747619
90.747619
90.747619
90.750000
90.750000
90.747619
90.747619
90.747619
90.747619
90.747619
90.747619
90.747619
90.750000
90.750000
90.752381
90.752381
90.754762
90.757143
90.757143
90.754762
90.754762
90.754762
90.754762
90.754762
90.754762
90.759524
90.759524
90.759524
90.759524
90.759524
90.759524
90.761905
90.761905
90.761905
90.761905
90.764286
90.764286
90.764286
90.764286
90.766667
90.766667
90.766667
90.764286
90.766667
90.766667
90.766667
90.766667
90.766667
90.764286
90.764286
90.764286
90.764286
90.764286
90.764286
90.764286
90.764286
90.764286
90.764286
90.764286
90.764286
90.764286
90.764286
90.764286
90.764286
90.766667
90.769048
90.766667
90.769048
90.766667
90.766667
90.766667
90.766667
90.769048
90.769048
90.769048
90.769048
90.771429
90.769048
90.771429
90.769048
90.769048
90.769048
90.769048
90.769048
90.769048
90.769048
90.769048
90.771429
90.771429
90.771429
90.771429
90.773810
90.773810
90.773810
90.773810
90.773810
90.773810
90.773810
90.771429
90.771429
90.771429
90.773810
90.773810
90.773810
90.776190
90.776190
90.778571
90.776190
90.776190
90.778571
90.778571
90.778571
90.778571
90.778571
90.778571
90.778571
90.778571
90.778571
90.780952
90.780952
90.780952
90.780952
90.783333
90.783333
90.785714
90.788095
90.790476
90.790476
90.790476
90.790476
90.792857
90.792857
90.792857
90.792857
90.792857
90.792857
90.792857
90.792857
90.792857
90.792857
90.792857
90.792857
90.797619
90.800000
90.800000
90.802381
90.802381
90.800000
90.800000
90.800000
90.800000
90.800000
90.800000
90.800000
90.800000
90.795238
90.797619
90.802381
90.802381
90.802381
90.800000
90.800000
90.800000
90.802381
90.802381
90.802381
90.804762
90.804762
90.804762
90.807143
90.807143
90.807143
90.804762
90.804762
90.804762
90.807143
90.809524
90.809524
90.809524
90.811905
90.814286
90.814286
90.814286
90.814286
90.814286
90.814286
90.814286
90.819048
90.821429
90.821429
90.821429
90.821429
90.821429
90.823810
90.823810
90.823810
90.823810
90.823810
90.823810
90.823810
90.823810
90.826190
90.826190
90.828571
90.828571
90.833333
90.830952
90.830952
90.830952
90.830952
90.833333
90.833333
90.833333
90.833333
90.835714
90.835714
90.835714
90.835714
90.838095
90.838095
90.838095
90.840476
90.845238
90.842857
90.842857
90.840476
90.840476
90.838095
90.838095
90.833333
90.833333
90.833333
90.833333
90.835714
90.838095
90.838095
90.838095
90.838095
90.838095
90.838095
90.838095
90.838095
90.838095
90.842857
90.842857
90.842857
90.842857
90.842857
90.840476
90.842857
90.842857
90.842857
90.842857
90.847619
90.847619
90.847619
90.847619
90.847619
90.847619
90.847619
90.850000
90.850000
90.850000
90.850000
90.850000
90.847619
90.850000
90.850000
90.850000
90.850000
90.852381
90.852381
90.852381
90.852381
90.852381
90.852381
90.854762
90.857143
90.857143
90.857143
90.857143
90.857143
90.857143
90.857143
90.854762
90.857143
90.857143
90.857143
90.857143
90.854762
90.854762
90.854762
90.854762
90.854762
90.854762
90.854762
90.854762
90.854762
90.859524
90.859524
90.859524
90.859524
90.859524
90.861905
90.861905
90.861905
90.861905
90.861905
90.861905
90.861905
90.864286
90.864286
90.866667
90.869048
90.871429
90.871429
90.873810
90.873810
90.873810
90.873810
90.873810
90.876190
90.876190
90.878571
90.880952
90.880952
90.880952
90.880952
90.880952
90.880952
90.880952
90.883333
90.883333
90.885714
90.888095
90.888095
90.892857
90.892857
90.892857
90.895238
90.900000
90.900000
90.900000
90.900000
90.900000
90.900000
90.902381
90.900000
90.904762
90.904762
90.907143
90.907143
90.907143
90.907143
90.907143
90.909524
90.909524
90.909524
90.909524
90.909524
90.909524
90.909524
90.907143
90.907143
90.909524
90.909524
90.911905
90.911905
90.911905
90.911905
90.914286
90.914286
90.916667
90.916667
90.916667
90.919048
90.919048
90.921429
90.921429
90.921429
90.921429
90.921429
90.919048
90.919048
90.919048
90.919048
90.919048
90.919048
90.919048
90.919048
90.919048
90.919048
90.919048
90.916667
90.916667
90.914286
90.914286
90.909524
90.909524
90.911905
90.911905
90.911905
90.909524
90.909524
90.911905
90.914286
90.914286
90.914286
90.914286
90.914286
90.914286
90.914286
90.914286
90.911905
90.911905
90.911905
90.911905
90.909524
90.909524
90.911905
90.911905
90.911905
90.911905
90.914286
90.914286
90.914286
90.914286
90.916667
90.916667
90.916667
90.916667
90.916667
90.919048
90.919048
90.914286
90.914286
90.914286
90.914286
90.914286
90.914286
90.914286
90.914286
90.914286
90.914286
90.914286
90.914286
90.916667
90.916667
90.916667
90.916667
90.916667
90.916667
90.916667
90.916667
90.919048
90.916667
90.916667
90.916667
90.916667
90.916667
90.916667
90.916667
90.911905
90.914286
90.914286
90.914286
90.914286
90.914286
90.914286
90.911905
90.911905
90.911905
90.911905
90.911905
90.911905
90.911905
90.911905
90.911905
90.911905
90.911905
90.911905
90.911905
90.911905
90.911905
90.911905
90.911905
90.911905
90.914286
90.914286
90.916667
90.916667
90.916667
90.916667
90.919048
90.919048
90.919048
90.919048
90.919048
90.921429
90.923810
90.926190
90.926190
90.926190
90.923810
90.923810
90.926190
90.928571
90.928571
90.928571
90.930952
90.930952
90.930952
90.933333
90.933333
90.933333
90.933333
90.930952
90.930952
90.930952
90.928571
90.930952
90.935714
90.935714
90.933333
90.933333
90.933333
90.933333
90.935714
90.935714
90.935714
90.935714
90.935714
90.938095
90.938095
90.938095
90.940476
90.940476
90.940476
90.945238
90.942857
90.940476
90.940476
90.940476
90.940476
90.940476
90.940476
90.938095
90.938095
90.935714
90.933333
90.933333
90.935714
90.935714
90.938095
90.938095
90.938095
90.938095
90.938095
90.935714
90.935714
90.935714
90.935714
90.935714
90.935714
90.935714
90.938095
90.938095
90.938095
90.938095
90.938095
90.938095
90.940476
90.940476
90.940476
90.940476
90.940476
90.940476
90.942857
90.945238
90.945238
90.945238
90.945238
90.947619
90.947619
90.947619
90.947619
90.947619
90.945238
90.942857
90.945238
90.945238
90.942857
90.947619
90.947619
90.947619
90.947619
90.947619
90.947619
90.947619
90.947619
90.945238
90.947619
90.947619
90.947619
90.947619
90.947619
90.950000
90.947619
90.947619
90.947619
90.947619
90.947619
90.947619
90.947619
90.950000
90.950000
90.950000
90.950000
90.950000
90.947619
90.950000
90.950000
90.952381
90.954762
90.959524
90.959524
90.961905
90.961905
90.961905
90.964286
90.966667
90.969048
90.971429
90.971429
90.971429
90.973810
90.971429
90.971429
90.973810
90.973810
90.973810
90.971429
90.971429
90.971429
90.971429
90.971429
90.971429
90.971429
90.971429
90.973810
90.973810
90.973810
90.973810
90.973810
90.973810
90.976190
90.978571
90.978571
90.980952
90.980952
90.980952
90.980952
90.978571
90.980952
90.978571
90.978571
90.978571
90.978571
90.980952
90.980952
90.983333
90.983333
90.983333
90.983333
90.983333
90.983333
90.983333
90.983333
90.985714
90.985714
90.988095
90.990476
90.990476
90.990476
90.992857
90.992857
90.992857
90.992857
90.992857
90.990476
90.990476
90.990476
90.988095
90.990476
90.990476
90.995238
90.995238
90.995238
90.995238
90.995238
90.997619
91.000000
91.000000
91.000000
91.000000
91.000000
91.000000
91.000000
91.002381
91.002381
91.000000
91.000000
91.002381
91.002381
91.004762
91.004762
91.004762
91.004762
91.000000
91.000000
90.997619
90.997619
