10.250000
12.442857
14.340476
15.788095
17.247619
19.252381
20.747619
21.923810
23.364286
24.616667
26.264286
27.500000
28.619048
29.497619
31.197619
32.007143
32.621429
33.297619
33.995238
34.790476
35.300000
36.178571
37.000000
37.657143
38.092857
38.697619
39.716667
39.738095
40.116667
40.678571
41.202381
41.178571
41.983333
42.007143
42.730952
43.078571
43.426190
43.785714
44.021429
44.392857
44.702381
45.078571
45.307143
45.628571
45.954762
46.276190
46.483333
46.745238
46.945238
47.202381
47.490476
47.671429
47.938095
48.030952
48.435714
48.616667
48.950000
49.042857
49.357143
49.378571
49.807143
49.780952
50.171429
50.133333
50.630952
50.819048
50.919048
51.335714
51.309524
51.414286
51.683333
51.802381
51.916667
52.057143
52.221429
52.414286
52.578571
52.733333
52.978571
53.016667
53.283333
53.340476
53.545238
53.700000
53.773810
53.971429
54.019048
54.185714
54.309524
54.554762
54.530952
54.728571
54.873810
54.995238
55.150000
55.364286
55.261905
55.466667
55.500000
55.704762
55.871429
55.966667
56.238095
56.269048
56.523810
56.635714
56.759524
56.945238
57.019048
57.169048
57.130952
57.357143
57.485714
57.550000
57.664286
57.826190
57.850000
58.154762
58.052381
58.271429
58.278571
58.445238
58.492857
58.623810
58.690476
58.766667
58.942857
59.080952
59.200000
59.226190
59.442857
59.500000
59.538095
59.592857
59.704762
59.947619
59.995238
60.142857
60.228571
60.433333
60.452381
60.673810
60.659524
60.847619
60.728571
60.978571
60.938095
61.185714
61.276190
61.421429
61.280952
61.590476
61.497619
61.650000
61.704762
61.842857
61.778571
62.126190
61.980952
62.321429
62.152381
62.495238
62.273810
62.621429
62.473810
62.771429
62.697619
63.002381
62.900000
63.123810
63.190476
63.323810
63.345238
63.552381
63.669048
63.750000
63.966667
63.919048
63.926190
64.030952
64.176190
64.264286
64.492857
64.347619
64.571429
64.588095
64.688095
64.673810
64.809524
64.838095
64.969048
64.959524
65.150000
65.121429
65.352381
65.173810
65.385714
65.395238
65.528571
65.502381
65.671429
65.564286
65.788095
65.892857
65.885714
65.950000
66.009524
65.945238
66.016667
66.078571
66.073810
66.219048
66.292857
66.452381
66.495238
66.602381
66.419048
66.409524
66.542857
66.633333
66.657143
66.709524
66.795238
66.738095
66.828571
66.778571
66.861905
66.809524
67.011905
66.969048
67.192857
67.250000
67.264286
67.290476
67.133333
67.347619
67.364286
67.471429
67.580952
67.480952
67.633333
67.685714
67.726190
67.761905
67.838095
67.878571
67.904762
67.861905
67.902381
68.030952
68.038095
68.069048
68.007143
68.059524
68.138095
68.333333
68.252381
68.233333
68.380952
68.414286
68.433333
68.440476
68.540476
68.635714
68.433333
68.602381
68.500000
68.783333
68.609524
68.783333
68.719048
69.004762
68.759524
68.773810
68.819048
68.926190
69.016667
68.950000
68.983333
69.047619
69.273810
69.135714
69.159524
69.142857
69.316667
69.245238
69.316667
69.226190
69.502381
69.328571
69.488095
69.519048
69.707143
69.600000
69.645238
69.640476
69.619048
69.761905
69.888095
69.797619
69.911905
69.716667
70.054762
69.900000
70.126190
70.069048
70.354762
70.230952
70.161905
70.121429
70.419048
70.350000
70.269048
70.390476
70.623810
70.409524
70.485714
70.471429
70.750000
70.554762
70.673810
70.650000
70.897619
70.783333
70.873810
70.957143
70.923810
70.785714
70.961905
70.907143
71.040476
71.083333
71.045238
71.104762
71.228571
71.142857
71.207143
71.226190
71.335714
71.157143
71.373810
71.247619
71.528571
71.400000
71.588095
71.500000
71.742857
71.476190
71.657143
71.554762
71.642857
71.795238
71.790476
71.916667
71.842857
71.864286
72.040476
71.945238
71.940476
72.000000
72.100000
71.897619
72.035714
72.009524
72.242857
72.373810
72.264286
72.230952
72.330952
72.414286
72.452381
72.414286
72.540476
72.552381
72.585714
72.473810
72.623810
72.526190
72.673810
72.561905
72.585714
72.678571
72.797619
72.800000
72.950000
72.919048
72.985714
72.973810
72.871429
73.021429
72.814286
72.869048
72.947619
72.938095
72.923810
73.052381
73.142857
73.066667
73.000000
73.157143
73.033333
73.171429
72.973810
73.395238
73.297619
73.240476
73.292857
73.335714
73.388095
73.488095
73.328571
73.585714
73.409524
73.511905
73.628571
73.514286
73.526190
73.547619
73.604762
73.459524
73.635714
73.726190
73.804762
73.716667
73.616667
73.666667
73.678571
73.823810
73.652381
73.802381
73.873810
73.938095
73.830952
73.788095
73.838095
73.892857
73.864286
73.966667
74.007143
73.969048
73.871429
74.004762
73.952381
73.988095
73.923810
74.164286
74.183333
74.109524
73.959524
74.004762
73.980952
74.214286
73.985714
74.166667
74.145238
74.290476
74.323810
74.304762
74.138095
74.040476
74.488095
74.252381
74.211905
74.269048
74.395238
74.238095
74.485714
74.380952
74.600000
74.354762
74.464286
74.509524
74.602381
74.459524
74.528571
74.569048
74.566667
74.423810
74.385714
74.447619
74.530952
74.485714
74.573810
74.469048
74.652381
74.445238
74.721429
74.761905
74.733333
74.845238
74.857143
74.657143
74.769048
74.621429
74.795238
74.911905
74.919048
74.888095
74.914286
74.804762
75.042857
75.000000
74.919048
74.909524
74.985714
75.007143
74.835714
74.992857
74.738095
75.038095
74.980952
75.140476
75.188095
75.197619
75.178571
75.180952
75.133333
75.176190
75.197619
75.240476
75.035714
75.221429
75.333333
75.207143
75.185714
75.321429
75.280952
75.364286
75.383333
75.211905
75.292857
75.452381
75.457143
75.461905
75.557143
75.469048
75.471429
75.380952
75.547619
75.490476
75.533333
75.459524
75.590476
75.504762
75.657143
75.542857
75.454762
75.333333
75.611905
75.676190
75.661905
75.666667
75.666667
75.766667
75.764286
75.754762
75.895238
75.816667
75.871429
75.704762
75.761905
75.797619
75.719048
75.873810
75.983333
76.080952
76.023810
76.033333
75.792857
75.909524
75.695238
76.045238
75.980952
76.061905
75.942857
76.083333
76.057143
76.157143
76.030952
76.035714
75.911905
76.016667
76.016667
76.021429
76.147619
75.985714
76.092857
76.126190
76.278571
76.152381
76.430952
76.135714
76.221429
76.121429
76.485714
76.219048
76.345238
76.119048
76.116667
76.047619
76.269048
76.238095
76.450000
76.490476
76.378571
76.404762
76.457143
76.402381
76.588095
76.488095
76.419048
76.400000
76.461905
76.600000
76.552381
76.545238
76.326190
76.528571
76.545238
76.614286
76.388095
76.530952
76.547619
76.719048
76.666667
76.578571
76.692857
76.576190
76.785714
76.764286
76.769048
76.590476
76.747619
76.714286
76.778571
76.804762
76.888095
76.764286
76.857143
76.778571
76.869048
76.638095
76.914286
76.859524
76.950000
76.602381
77.016667
77.023810
77.052381
77.073810
76.938095
76.809524
77.085714
77.114286
77.095238
76.830952
77.042857
77.061905
77.128571
77.076190
77.164286
76.969048
77.190476
77.123810
77.207143
77.059524
77.142857
77.211905
77.059524
77.397619
77.311905
77.347619
77.252381
77.333333
77.202381
77.116667
77.135714
77.221429
77.380952
77.295238
77.328571
77.257143
77.471429
77.278571
77.342857
77.230952
77.642857
77.557143
77.516667
77.461905
77.609524
77.440476
77.492857
77.380952
77.416667
77.671429
77.504762
77.519048
77.626190
77.542857
77.450000
77.600000
77.585714
77.597619
77.557143
77.576190
77.604762
77.659524
77.621429
77.419048
77.628571
77.716667
77.750000
77.652381
77.721429
77.833333
77.638095
77.771429
77.802381
77.769048
77.573810
77.654762
77.652381
77.859524
77.809524
77.873810
77.719048
77.785714
77.854762
77.757143
77.873810
77.842857
77.830952
77.600000
77.747619
77.885714
77.921429
77.897619
77.847619
77.880952
77.878571
78.045238
78.016667
78.042857
78.064286
77.961905
78.073810
77.988095
78.185714
78.128571
78.047619
77.935714
78.076190
78.111905
77.995238
77.942857
78.138095
78.173810
78.173810
78.135714
78.107143
77.959524
78.195238
78.088095
78.066667
78.204762
78.250000
78.285714
78.333333
78.230952
78.261905
78.192857
78.071429
78.190476
78.221429
78.321429
78.211905
78.238095
78.097619
78.235714
78.095238
78.211905
78.245238
78.311905
78.485714
78.435714
78.476190
78.378571
78.369048
78.471429
78.464286
78.326190
78.140476
78.295238
78.461905
78.466667
78.216667
78.507143
78.554762
78.576190
78.530952
78.557143
78.488095
78.692857
78.380952
78.400000
78.345238
78.440476
78.554762
78.561905
78.635714
78.397619
78.750000
78.576190
78.557143
78.338095
78.533333
78.580952
78.664286
78.619048
78.600000
78.488095
78.547619
78.571429
78.750000
78.745238
78.871429
78.709524
78.780952
78.638095
78.797619
78.823810
78.826190
78.816667
78.826190
78.828571
78.676190
78.819048
78.838095
78.707143
78.935714
78.759524
78.726190
78.752381
78.926190
78.973810
78.852381
78.654762
78.676190
78.742857
78.933333
78.864286
78.654762
78.714286
79.016667
78.842857
79.159524
78.985714
78.983333
78.878571
79.121429
78.973810
79.157143
78.971429
78.885714
78.714286
78.957143
79.004762
78.888095
78.802381
79.061905
79.045238
79.159524
79.023810
79.033333
78.969048
79.183333
78.926190
79.111905
78.964286
79.166667
78.973810
78.938095
79.121429
79.273810
79.121429
79.183333
79.042857
79.026190
79.180952
79.316667
79.150000
79.321429
79.233333
79.145238
79.190476
79.321429
79.109524
79.359524
79.014286
79.285714
79.354762
79.421429
79.530952
79.419048
79.447619
79.407143
79.378571
79.483333
79.276190
79.428571
79.311905
79.547619
79.595238
79.397619
79.457143
79.273810
79.226190
79.130952
79.428571
79.171429
79.473810
79.216667
79.545238
79.633333
79.540476
79.461905
79.630952
79.452381
79.307143
79.500000
79.700000
79.719048
79.559524
79.338095
79.476190
79.488095
79.671429
79.535714
79.380952
79.664286
79.659524
79.519048
79.483333
79.697619
79.623810
79.747619
79.640476
79.840476
79.771429
79.445238
79.702381
79.776190
79.730952
79.566667
79.419048
79.607143
79.723810
79.633333
79.757143
79.435714
79.702381
79.504762
79.804762
79.692857
79.771429
79.740476
79.766667
79.580952
79.883333
79.659524
79.919048
79.769048
79.757143
79.707143
79.778571
79.714286
79.811905
79.647619
79.880952
79.945238
79.921429
79.947619
79.880952
79.916667
79.983333
79.952381
79.845238
80.011905
79.742857
79.878571
79.864286
80.000000
79.861905
80.011905
79.964286
79.980952
79.804762
79.980952
79.704762
80.090476
80.107143
80.152381
80.133333
80.259524
80.226190
79.973810
80.066667
80.226190
80.047619
80.211905
79.966667
80.121429
80.185714
80.145238
79.897619
80.207143
80.230952
80.288095
80.083333
79.954762
80.166667
80.007143
80.333333
80.280952
80.233333
80.214286
80.264286
80.240476
80.280952
80.138095
80.169048
80.083333
80.228571
80.340476
80.323810
80.202381
80.285714
80.133333
80.333333
80.264286
80.316667
80.295238
80.269048
80.280952
80.447619
80.426190
80.257143
80.392857
80.469048
80.311905
80.154762
80.385714
80.373810
80.528571
80.461905
80.223810
80.435714
80.523810
80.390476
80.392857
80.547619
80.292857
80.326190
80.238095
80.452381
80.288095
80.523810
80.557143
80.369048
80.326190
80.300000
80.276190
80.450000
80.461905
80.647619
80.580952
80.626190
80.457143
80.611905
80.635714
80.640476
80.473810
80.680952
80.645238
80.564286
80.595238
80.592857
80.688095
80.614286
80.457143
80.576190
80.509524
80.490476
80.776190
80.757143
80.714286
80.676190
80.566667
80.673810
80.859524
80.869048
80.816667
80.583333
80.619048
80.533333
80.540476
80.816667
80.711905
80.835714
80.892857
80.726190
80.635714
80.664286
80.738095
80.757143
80.823810
80.907143
80.988095
80.880952
80.780952
80.783333
80.680952
80.769048
80.742857
80.730952
80.659524
80.802381
80.807143
80.928571
80.864286
80.828571
80.845238
80.869048
80.704762
80.661905
80.854762
80.983333
81.026190
80.966667
81.052381
81.000000
80.914286
80.811905
80.880952
81.000000
80.954762
80.933333
80.826190
80.795238
80.657143
80.730952
80.995238
81.011905
81.071429
81.061905
80.983333
80.997619
81.111905
81.028571
81.009524
80.823810
80.983333
81.202381
81.126190
80.926190
81.076190
80.704762
81.057143
80.997619
81.050000
81.088095
80.911905
81.009524
80.916667
81.004762
81.033333
81.123810
81.011905
81.259524
81.109524
81.166667
81.066667
81.257143
81.273810
81.090476
81.057143
81.066667
81.023810
81.200000
81.307143
81.221429
81.188095
81.147619
81.126190
81.064286
81.221429
81.150000
81.054762
81.302381
81.321429
81.383333
81.316667
81.057143
81.297619
81.361905
81.076190
81.235714
81.314286
81.195238
81.226190
81.280952
81.254762
81.311905
81.259524
81.100000
81.228571
81.347619
81.169048
81.376190
81.340476
81.450000
81.252381
81.164286
81.416667
81.019048
81.252381
81.366667
81.361905
81.150000
81.319048
81.314286
81.264286
81.402381
81.416667
81.340476
81.430952
81.419048
81.173810
81.019048
81.461905
81.340476
81.433333
81.466667
81.423810
81.392857
81.395238
81.378571
81.350000
81.357143
81.514286
81.423810
81.552381
81.450000
81.466667
81.480952
81.623810
81.535714
81.354762
81.202381
81.480952
81.457143
81.388095
81.157143
81.347619
81.252381
81.664286
81.538095
81.514286
81.478571
81.573810
81.352381
81.650000
81.538095
81.538095
81.492857
81.352381
81.464286
81.523810
81.545238
81.692857
81.721429
81.480952
81.738095
81.783333
81.502381
81.628571
81.604762
81.533333
81.373810
81.383333
81.616667
81.633333
81.450000
81.611905
81.728571
81.750000
81.657143
81.716667
81.316667
81.669048
81.583333
81.645238
81.771429
81.600000
81.621429
81.752381
81.564286
81.700000
81.654762
81.585714
81.747619
81.723810
81.697619
81.604762
81.602381
81.752381
81.838095
81.740476
81.521429
81.542857
81.764286
81.897619
81.588095
81.600000
81.528571
81.792857
81.769048
81.647619
81.371429
81.730952
81.730952
81.869048
81.838095
81.771429
81.704762
81.854762
81.869048
81.985714
81.711905
81.728571
81.583333
81.685714
81.369048
81.757143
81.866667
81.883333
81.750000
81.828571
81.830952
81.888095
81.902381
81.773810
81.809524
81.778571
81.861905
81.750000
81.902381
81.852381
81.966667
81.671429
81.788095
81.759524
81.869048
81.757143
81.735714
81.850000
81.807143
81.630952
81.935714
81.966667
82.073810
82.052381
81.973810
81.990476
82.047619
81.930952
81.933333
81.992857
81.797619
81.852381
81.926190
82.095238
82.071429
81.873810
81.830952
82.011905
81.790476
82.064286
82.092857
81.809524
81.819048
81.802381
81.707143
81.992857
81.961905
81.940476
82.211905
81.969048
82.057143
82.030952
81.952381
81.890476
82.004762
81.826190
82.009524
81.945238
82.030952
82.088095
82.085714
82.083333
82.197619
82.088095
82.011905
82.033333
82.009524
82.147619
82.147619
82.142857
82.088095
82.219048
82.066667
82.240476
82.178571
82.323810
82.288095
82.297619
82.214286
82.195238
82.100000
82.102381
82.128571
82.307143
82.361905
82.285714
82.292857
82.028571
81.928571
82.226190
82.357143
82.340476
82.102381
81.995238
82.152381
82.197619
82.130952
82.085714
82.338095
82.245238
82.254762
82.242857
82.161905
82.095238
82.350000
82.295238
82.311905
82.266667
82.054762
82.169048
82.297619
82.154762
82.257143
82.214286
82.102381
82.197619
82.492857
82.323810
82.421429
82.200000
82.202381
82.304762
82.338095
82.126190
82.342857
82.459524
82.497619
82.459524
82.307143
82.395238
82.433333
82.602381
82.564286
82.638095
82.471429
82.397619
82.140476
82.447619
82.435714
82.495238
82.295238
82.402381
82.523810
82.547619
82.323810
82.404762
82.283333
82.492857
82.428571
82.435714
82.395238
82.523810
82.488095
82.445238
82.223810
82.350000
82.385714
82.521429
82.428571
82.464286
82.104762
82.173810
82.350000
82.435714
82.478571
82.321429
82.442857
82.530952
82.550000
82.550000
82.469048
82.378571
82.507143
82.423810
82.495238
82.338095
82.433333
82.483333
82.602381
82.592857
82.628571
82.621429
82.621429
82.604762
82.540476
82.526190
82.561905
82.533333
82.533333
82.571429
82.735714
82.766667
82.685714
82.711905
82.728571
82.702381
82.719048
82.652381
82.642857
82.540476
82.630952
82.626190
82.721429
82.519048
82.835714
82.664286
82.814286
82.742857
82.835714
82.495238
82.726190
82.595238
82.685714
82.719048
82.840476
82.695238
82.788095
82.747619
82.711905
82.483333
82.585714
82.759524
82.742857
82.723810
82.785714
82.761905
82.776190
82.569048
82.645238
82.885714
82.571429
82.907143
82.966667
82.890476
82.945238
82.959524
82.828571
82.869048
82.778571
82.885714
82.590476
82.778571
82.940476
82.773810
82.809524
82.828571
82.826190
82.790476
82.883333
82.726190
82.804762
82.814286
83.030952
83.107143
83.021429
83.102381
82.914286
83.014286
83.042857
83.002381
82.866667
83.090476
83.111905
82.983333
82.866667
82.914286
83.076190
83.069048
82.892857
82.876190
83.073810
83.195238
83.140476
82.976190
82.911905
82.888095
82.869048
82.857143
82.742857
82.914286
83.088095
83.159524
83.157143
82.807143
83.076190
83.216667
83.071429
83.283333
83.276190
83.195238
83.050000
83.021429
83.047619
82.890476
82.935714
83.073810
83.061905
82.921429
82.895238
82.871429
83.126190
83.033333
82.754762
82.688095
83.104762
83.064286
83.023810
82.947619
83.130952
83.371429
83.133333
83.280952
83.250000
83.259524
83.261905
83.052381
82.959524
83.219048
83.257143
83.228571
83.088095
82.995238
83.271429
83.264286
83.290476
82.904762
83.111905
83.147619
83.221429
83.033333
83.180952
83.147619
83.369048
83.288095
83.373810
83.316667
83.388095
83.240476
83.402381
83.245238
83.321429
83.159524
83.435714
83.323810
83.376190
83.309524
83.357143
83.266667
83.135714
83.214286
83.261905
83.309524
83.261905
83.154762
82.938095
82.845238
83.171429
83.361905
83.385714
83.288095
83.195238
83.285714
83.259524
83.307143
83.442857
83.350000
83.380952
83.195238
83.357143
83.264286
82.988095
83.283333
83.242857
83.461905
83.350000
83.409524
83.285714
83.402381
83.466667
83.416667
83.347619
83.480952
83.566667
83.430952
83.411905
83.385714
83.323810
83.307143
83.252381
83.335714
83.390476
83.395238
83.359524
83.404762
83.390476
83.364286
83.195238
83.457143
83.288095
83.273810
83.140476
83.347619
83.533333
83.457143
83.509524
83.550000
83.552381
83.471429
83.583333
83.523810
83.585714
83.583333
83.566667
83.580952
83.597619
83.392857
83.488095
83.323810
83.264286
83.278571
83.457143
83.407143
83.157143
83.519048
83.569048
83.564286
83.571429
83.721429
83.661905
83.592857
83.664286
83.526190
83.369048
83.511905
83.500000
83.604762
83.469048
83.597619
83.459524
83.673810
83.759524
83.707143
83.623810
83.635714
83.697619
83.604762
83.569048
83.445238
83.461905
83.509524
83.692857
83.707143
83.702381
83.607143
83.883333
83.852381
83.864286
83.866667
83.861905
83.828571
83.583333
83.654762
83.683333
83.433333
83.378571
83.397619
83.452381
83.521429
83.614286
83.614286
83.745238
83.623810
83.673810
83.688095
83.823810
83.888095
83.890476
83.842857
83.669048
83.602381
83.607143
83.376190
83.397619
83.647619
83.823810
83.773810
83.523810
83.466667
83.716667
83.714286
83.657143
83.761905
83.778571
83.514286
83.650000
83.840476
83.828571
83.730952
83.766667
83.633333
83.766667
83.900000
83.714286
83.435714
83.533333
83.854762
83.916667
83.795238
83.776190
83.823810
83.864286
83.592857
83.697619
83.707143
83.761905
83.700000
83.733333
83.716667
83.421429
83.609524
83.657143
83.807143
83.888095
83.923810
83.950000
83.930952
83.819048
83.952381
83.692857
83.395238
83.647619
83.845238
83.626190
83.780952
83.861905
83.916667
83.792857
83.888095
83.895238
83.883333
84.026190
83.923810
83.959524
83.971429
83.954762
83.800000
83.792857
83.590476
83.828571
83.945238
83.711905
83.554762
83.919048
83.807143
83.735714
83.928571
83.992857
84.019048
83.961905
84.135714
84.002381
83.828571
83.909524
83.904762
84.142857
84.126190
84.057143
83.607143
83.792857
83.995238
84.085714
83.871429
83.704762
83.940476
84.123810
84.119048
84.054762
84.052381
84.052381
84.064286
83.930952
83.576190
83.673810
83.950000
83.976190
84.219048
84.169048
83.830952
83.983333
84.030952
84.002381
83.923810
83.742857
83.776190
83.928571
84.019048
84.140476
83.935714
84.185714
84.130952
83.930952
83.992857
84.021429
84.009524
83.885714
84.111905
84.202381
83.923810
83.840476
83.852381
84.138095
83.883333
83.454762
83.826190
84.088095
84.083333
83.964286
83.995238
83.988095
83.988095
83.921429
84.002381
84.188095
84.235714
84.033333
84.161905
84.054762
84.026190
84.059524
84.159524
84.133333
84.030952
83.909524
84.176190
84.057143
84.023810
84.097619
83.935714
84.064286
84.273810
84.207143
84.114286
83.985714
84.154762
84.276190
84.192857
83.928571
83.966667
84.076190
84.235714
84.152381
83.947619
84.371429
84.276190
84.361905
84.371429
84.350000
84.421429
84.395238
84.380952
84.388095
84.261905
84.352381
84.411905
84.388095
84.414286
84.285714
84.226190
84.430952
84.480952
84.492857
84.426190
84.247619
84.211905
84.302381
84.242857
84.357143
84.273810
84.342857
84.235714
84.171429
84.354762
84.490476
84.202381
84.235714
84.252381
84.440476
84.357143
84.288095
84.316667
84.285714
84.457143
84.378571
84.350000
84.269048
84.430952
84.540476
84.278571
84.123810
84.269048
84.395238
84.526190
84.466667
84.316667
84.547619
84.545238
84.330952
84.373810
84.385714
84.300000
84.314286
84.176190
84.288095
84.485714
84.261905
84.321429
84.411905
84.509524
84.345238
84.314286
84.302381
84.423810
84.197619
84.230952
84.342857
84.228571
84.242857
84.361905
84.497619
84.473810
84.352381
84.288095
84.457143
84.433333
84.376190
84.233333
84.330952
84.447619
84.364286
84.407143
84.388095
84.364286
84.519048
84.538095
84.552381
84.404762
84.576190
84.454762
84.595238
84.566667
84.357143
84.254762
84.347619
84.447619
84.561905
84.411905
84.421429
84.566667
84.495238
84.300000
84.366667
84.552381
84.628571
84.430952
84.509524
84.447619
84.361905
84.297619
84.411905
84.583333
84.450000
84.483333
84.338095
84.485714
84.507143
84.354762
84.314286
84.307143
84.533333
84.590476
84.471429
84.345238
84.388095
84.504762
84.509524
84.530952
84.414286
84.464286
84.471429
84.388095
84.428571
84.528571
84.709524
84.600000
84.490476
84.373810
84.319048
84.447619
84.421429
84.640476
84.597619
84.485714
84.421429
84.500000
84.742857
84.642857
84.528571
84.816667
84.604762
84.678571
84.761905
84.719048
84.540476
84.726190
84.773810
84.747619
84.571429
84.595238
84.530952
84.416667
84.421429
84.221429
84.380952
84.654762
84.554762
84.583333
84.197619
84.407143
84.495238
84.245238
84.519048
84.580952
84.357143
84.385714
84.433333
84.600000
84.426190
84.400000
84.504762
84.435714
84.630952
84.704762
84.661905
84.504762
84.640476
84.554762
84.380952
84.473810
84.578571
84.542857
84.640476
84.497619
84.680952
84.600000
84.488095
84.342857
84.683333
84.780952
84.776190
84.742857
84.742857
84.564286
84.528571
84.542857
84.609524
84.709524
84.683333
84.740476
84.659524
84.647619
84.464286
84.526190
84.497619
84.478571
84.321429
84.659524
84.650000
84.635714
84.654762
84.666667
84.533333
84.559524
84.564286
84.659524
84.507143
84.533333
84.604762
84.595238
84.571429
84.597619
84.661905
84.490476
84.423810
84.530952
84.604762
84.609524
84.811905
84.764286
84.669048
84.564286
84.735714
84.638095
84.583333
84.538095
84.730952
84.757143
84.711905
84.804762
84.697619
84.740476
84.757143
84.614286
84.759524
84.752381
84.640476
84.507143
84.683333
84.814286
84.821429
84.895238
84.857143
84.902381
84.909524
84.821429
84.764286
84.742857
84.628571
84.704762
84.657143
84.490476
84.330952
84.388095
84.590476
84.671429
84.616667
84.616667
84.840476
84.778571
84.640476
84.492857
84.721429
84.700000
84.692857
84.645238
84.747619
84.730952
84.652381
84.802381
84.790476
84.795238
84.921429
84.607143
84.650000
84.654762
84.559524
84.528571
84.752381
84.880952
84.857143
84.778571
84.835714
84.695238
84.545238
84.492857
84.857143
84.602381
84.778571
84.559524
84.647619
84.735714
84.666667
84.707143
84.650000
84.861905
84.914286
84.797619
84.885714
84.745238
84.802381
84.983333
85.007143
84.819048
84.661905
84.545238
84.654762
84.759524
84.776190
84.797619
84.907143
84.861905
84.609524
84.554762
84.719048
84.747619
84.759524
84.559524
84.742857
84.830952
84.907143
84.945238
84.938095
84.785714
84.821429
84.933333
84.966667
84.942857
84.733333
84.757143
84.733333
84.809524
84.633333
84.938095
84.959524
84.761905
84.754762
84.788095
84.830952
84.830952
84.764286
84.847619
84.864286
84.919048
84.650000
84.550000
84.633333
84.819048
84.916667
84.897619
84.835714
84.802381
84.742857
84.959524
84.842857
84.780952
84.547619
84.535714
84.809524
85.050000
84.952381
85.009524
84.895238
84.952381
84.885714
84.840476
84.678571
84.769048
84.814286
84.819048
84.892857
84.940476
84.902381
84.954762
84.797619
84.740476
84.778571
84.780952
84.902381
85.059524
84.876190
84.950000
84.940476
84.914286
84.861905
84.826190
84.757143
84.966667
85.057143
85.114286
85.014286
84.938095
84.714286
84.545238
84.814286
84.983333
84.897619
84.876190
84.859524
84.714286
84.497619
84.654762
84.859524
84.980952
84.926190
84.876190
84.902381
85.116667
84.938095
84.973810
84.571429
84.776190
84.940476
85.042857
85.116667
85.054762
84.814286
84.854762
84.938095
85.050000
84.878571
84.859524
85.004762
85.104762
85.123810
85.045238
85.045238
84.878571
84.928571
84.909524
84.914286
85.085714
85.054762
85.016667
84.723810
84.728571
85.026190
84.916667
84.790476
84.900000
84.859524
84.897619
85.033333
84.900000
84.750000
84.871429
84.971429
84.942857
85.011905
84.823810
84.778571
84.830952
85.069048
84.876190
84.769048
84.992857
85.069048
84.914286
84.852381
84.576190
84.897619
85.047619
84.997619
84.988095
85.140476
84.966667
84.921429
84.859524
85.102381
84.985714
85.016667
84.964286
84.919048
84.861905
84.992857
84.957143
85.064286
84.964286
84.800000
84.885714
85.080952
85.061905
85.145238
85.242857
85.169048
85.069048
84.976190
84.954762
85.071429
85.245238
85.242857
85.226190
85.230952
85.033333
84.954762
84.764286
84.773810
84.790476
84.980952
85.042857
85.140476
85.021429
85.107143
85.035714
85.038095
85.033333
85.109524
84.971429
85.052381
85.142857
85.011905
85.226190
85.314286
85.304762
85.219048
85.111905
85.047619
85.026190
85.014286
84.630952
84.754762
85.102381
85.192857
85.169048
85.204762
85.095238
84.997619
84.988095
84.911905
85.033333
85.111905
85.040476
85.209524
85.219048
85.271429
85.216667
84.785714
84.833333
85.002381
85.195238
85.042857
84.735714
84.873810
84.997619
85.047619
85.000000
84.980952
84.895238
84.747619
84.926190
84.883333
84.835714
85.028571
85.090476
85.045238
84.823810
84.916667
84.764286
85.042857
85.083333
85.192857
85.188095
85.278571
85.185714
85.223810
85.295238
85.226190
85.178571
85.047619
84.992857
84.990476
85.035714
85.066667
85.092857
85.021429
84.983333
85.016667
85.302381
85.352381
85.230952
85.230952
84.933333
84.945238
85.121429
85.195238
84.995238
84.857143
84.935714
85.145238
85.161905
85.166667
85.007143
85.250000
85.223810
85.309524
85.221429
85.069048
84.852381
85.002381
85.059524
85.280952
85.171429
85.278571
85.290476
85.214286
85.328571
85.335714
85.107143
85.130952
85.319048
85.292857
85.254762
85.214286
85.252381
85.130952
85.152381
85.147619
85.076190
85.288095
85.247619
85.450000
85.352381
85.280952
85.185714
85.195238
85.133333
85.085714
84.995238
85.150000
85.330952
85.364286
85.209524
84.964286
84.957143
85.130952
85.080952
85.114286
85.390476
85.371429
85.288095
85.211905
85.135714
85.292857
85.340476
85.238095
85.111905
84.895238
84.897619
85.302381
85.352381
85.366667
85.257143
85.123810
85.176190
85.111905
85.240476
85.459524
85.226190
85.238095
85.302381
85.319048
85.445238
85.502381
85.419048
85.392857
85.326190
85.278571
85.040476
85.266667
85.345238
85.254762
85.147619
85.178571
85.216667
85.333333
85.328571
85.185714
85.128571
85.102381
85.230952
85.290476
85.283333
85.173810
85.202381
85.140476
85.366667
85.190476
85.114286
85.321429
85.180952
84.997619
85.195238
85.445238
85.419048
85.280952
85.307143
85.385714
85.326190
85.216667
85.119048
84.826190
84.900000
85.135714
85.342857
85.285714
85.140476
85.107143
85.397619
85.376190
85.280952
85.235714
85.188095
85.404762
85.364286
85.414286
85.452381
85.421429
85.488095
85.535714
85.402381
85.261905
85.490476
85.502381
85.342857
85.214286
84.892857
85.290476
85.469048
85.528571
85.326190
85.238095
85.207143
85.209524
85.376190
85.466667
85.328571
85.342857
85.447619
85.352381
85.223810
85.135714
85.290476
85.280952
85.247619
85.409524
85.338095
85.459524
85.304762
85.314286
85.414286
85.571429
85.411905
85.497619
85.290476
85.500000
85.409524
85.207143
85.261905
85.240476
85.159524
85.200000
85.385714
85.252381
85.264286
85.173810
85.307143
85.314286
85.526190
85.478571
85.585714
85.447619
85.509524
85.371429
85.514286
85.359524
85.542857
85.535714
85.490476
85.088095
85.271429
85.340476
85.452381
85.340476
85.550000
85.357143
85.283333
85.261905
85.230952
85.566667
85.490476
85.573810
85.461905
85.342857
85.278571
85.564286
85.554762
85.607143
85.602381
85.650000
85.414286
85.238095
85.307143
85.500000
85.326190
85.197619
85.433333
85.445238
85.430952
85.400000
85.480952
85.626190
85.480952
85.602381
85.576190
85.683333
85.671429
85.621429
85.495238
85.283333
85.319048
85.533333
85.442857
85.321429
85.519048
85.485714
85.480952
85.350000
85.471429
85.611905
85.392857
85.197619
85.333333
85.483333
85.669048
85.654762
85.697619
85.650000
85.642857
85.330952
85.369048
85.564286
85.500000
85.400000
85.733333
85.723810
85.719048
85.490476
85.478571
85.366667
85.219048
85.500000
85.504762
85.214286
85.266667
85.504762
85.671429
85.697619
85.535714
85.626190
85.647619
85.685714
85.235714
85.473810
85.500000
85.657143
85.407143
85.240476
84.885714
85.233333
85.478571
85.702381
85.590476
85.514286
85.364286
85.540476
85.645238
85.419048
85.426190
85.471429
85.530952
85.638095
85.428571
85.516667
85.259524
85.511905
85.595238
85.509524
85.383333
85.483333
85.454762
85.564286
85.661905
85.595238
85.419048
85.488095
85.488095
85.426190
85.621429
85.590476
85.645238
85.780952
85.469048
85.466667
85.319048
85.616667
85.604762
85.735714
85.585714
85.554762
85.638095
85.571429
85.419048
85.580952
85.700000
85.711905
85.640476
85.690476
85.542857
85.642857
85.540476
85.566667
85.316667
85.450000
85.135714
85.454762
85.616667
85.759524
85.650000
85.747619
85.516667
85.435714
85.233333
85.545238
85.740476
85.778571
85.819048
85.707143
85.509524
85.464286
85.578571
85.597619
85.495238
85.502381
85.657143
85.614286
85.711905
85.642857
85.350000
85.469048
85.742857
85.861905
85.957143
85.921429
85.828571
85.671429
85.497619
85.550000
85.483333
85.564286
85.626190
85.888095
85.709524
85.602381
85.483333
85.473810
85.526190
85.657143
85.795238
85.716667
85.707143
85.866667
85.711905
85.547619
85.447619
85.669048
85.833333
85.828571
85.930952
85.926190
85.978571
85.980952
85.950000
85.933333
85.988095
85.883333
85.907143
85.864286
85.916667
85.871429
85.923810
85.840476
85.957143
85.933333
85.990476
85.957143
86.035714
85.888095
85.942857
85.907143
85.954762
85.938095
85.973810
85.902381
85.959524
85.952381
86.004762
85.988095
85.940476
85.892857
85.921429
85.940476
86.019048
85.942857
85.971429
85.930952
85.947619
85.954762
86.026190
86.030952
85.902381
86.011905
85.921429
85.902381
85.921429
85.961905
85.980952
85.964286
85.900000
85.876190
85.885714
85.995238
85.935714
85.752381
85.854762
86.052381
85.997619
85.980952
85.907143
85.811905
85.757143
85.704762
85.828571
86.009524
86.030952
85.890476
85.761905
85.783333
85.926190
85.983333
86.000000
86.028571
85.992857
86.007143
85.890476
85.928571
85.940476
85.909524
85.761905
85.764286
85.864286
85.942857
85.890476
86.016667
85.916667
85.721429
85.790476
85.959524
86.040476
85.980952
86.038095
86.042857
86.028571
86.050000
85.930952
85.928571
85.914286
85.935714
85.916667
85.850000
85.788095
85.883333
85.761905
85.707143
85.800000
85.811905
85.950000
86.002381
85.916667
85.950000
86.033333
86.023810
85.842857
85.819048
85.916667
85.980952
85.890476
85.940476
86.009524
86.026190
85.985714
85.897619
85.838095
85.835714
85.857143
85.888095
85.966667
86.007143
85.976190
85.938095
86.028571
85.985714
85.916667
85.797619
85.938095
85.942857
85.840476
85.888095
85.723810
85.880952
85.916667
85.954762
85.897619
85.961905
86.014286
86.097619
85.985714
85.890476
86.028571
85.938095
85.971429
85.921429
86.030952
86.002381
85.959524
85.773810
85.888095
85.883333
86.033333
85.888095
85.988095
86.030952
85.895238
85.623810
85.797619
85.854762
85.735714
85.807143
85.890476
85.923810
86.004762
85.966667
86.033333
86.019048
85.961905
85.971429
85.819048
85.666667
85.730952
85.957143
86.016667
86.111905
86.109524
86.128571
86.152381
86.123810
85.938095
85.945238
85.983333
86.142857
85.964286
85.795238
85.666667
85.854762
86.061905
86.030952
85.871429
85.838095
85.883333
85.916667
85.928571
85.945238
85.885714
85.959524
86.016667
86.085714
86.011905
85.857143
85.740476
85.790476
85.852381
86.021429
86.071429
86.147619
86.061905
85.916667
85.964286
85.919048
86.040476
86.014286
86.007143
85.852381
86.035714
86.138095
86.133333
86.052381
86.145238
86.078571
86.040476
85.940476
85.971429
86.116667
86.185714
86.064286
85.909524
85.916667
86.023810
86.033333
86.038095
85.964286
85.961905
85.959524
85.957143
85.845238
85.804762
85.902381
85.992857
85.878571
85.783333
85.976190
85.938095
85.807143
85.623810
85.830952
86.016667
86.052381
86.078571
86.045238
85.928571
86.030952
85.985714
85.826190
85.902381
85.923810
85.876190
85.757143
86.047619
86.076190
86.104762
86.157143
86.176190
86.159524
86.116667
86.035714
85.857143
86.073810
86.100000
86.083333
85.914286
85.876190
85.764286
85.914286
86.011905
86.092857
86.059524
86.019048
86.016667
86.023810
85.885714
85.971429
86.014286
86.054762
85.735714
86.030952
86.040476
86.057143
85.885714
85.869048
86.007143
86.126190
86.066667
86.123810
86.119048
86.180952
86.188095
86.114286
86.064286
86.069048
85.871429
85.914286
86.057143
86.176190
86.152381
86.109524
86.123810
86.133333
86.171429
86.057143
86.216667
86.183333
86.159524
86.019048
85.992857
85.964286
86.173810
86.161905
86.107143
86.138095
86.014286
85.780952
85.995238
85.952381
85.814286
85.652381
85.819048
86.023810
86.133333
86.059524
86.240476
86.226190
86.190476
86.140476
86.042857
85.830952
85.819048
86.069048
86.185714
86.095238
85.950000
86.028571
86.176190
86.092857
86.107143
86.042857
86.057143
86.164286
86.211905
86.178571
86.207143
86.200000
86.169048
86.226190
86.028571
86.130952
86.102381
86.128571
86.009524
86.069048
86.076190
85.985714
85.685714
85.788095
86.076190
86.226190
86.250000
86.257143
86.211905
86.250000
86.147619
85.952381
86.000000
86.147619
86.192857
86.190476
86.188095
86.050000
86.052381
86.195238
86.271429
86.180952
86.266667
86.126190
86.138095
85.909524
86.028571
86.100000
85.973810
85.588095
85.902381
86.023810
86.202381
86.002381
86.052381
85.992857
86.114286
86.119048
86.166667
86.190476
86.230952
86.183333
85.890476
85.911905
86.016667
86.142857
86.080952
85.990476
86.214286
86.152381
86.240476
86.240476
86.214286
86.242857
86.280952
86.238095
86.197619
86.085714
86.073810
86.204762
86.304762
86.242857
86.228571
85.959524
86.042857
86.190476
86.109524
86.107143
86.235714
86.195238
86.123810
86.147619
86.185714
86.023810
85.921429
86.016667
86.057143
86.111905
86.188095
86.245238
86.183333
86.211905
86.050000
86.066667
86.114286
86.195238
85.945238
86.066667
86.047619
86.209524
86.171429
86.257143
86.195238
86.223810
86.097619
86.164286
86.047619
86.180952
86.178571
86.238095
85.904762
86.030952
86.133333
86.271429
86.252381
86.223810
86.176190
86.173810
86.340476
86.400000
86.323810
86.364286
86.347619
86.366667
86.300000
86.130952
86.085714
86.176190
86.216667
86.223810
86.280952
86.264286
86.159524
86.035714
85.911905
86.050000
86.176190
86.159524
86.221429
86.204762
86.252381
86.219048
86.209524
86.235714
86.209524
86.016667
86.159524
86.200000
86.192857
85.830952
86.026190
86.164286
86.176190
85.895238
85.947619
86.133333
86.211905
86.204762
86.130952
86.147619
86.252381
86.328571
86.333333
86.264286
86.319048
86.316667
86.378571
86.328571
86.261905
86.276190
86.292857
86.352381
86.209524
86.142857
86.219048
86.245238
86.254762
86.188095
86.254762
86.197619
86.195238
86.209524
86.238095
86.104762
86.100000
86.288095
86.307143
86.200000
86.104762
86.266667
86.404762
86.385714
86.392857
86.288095
86.040476
86.230952
86.195238
86.285714
86.126190
86.019048
85.738095
86.011905
86.309524
86.252381
86.183333
86.238095
86.261905
86.221429
86.052381
85.997619
85.961905
86.202381
86.266667
86.204762
85.940476
86.116667
86.261905
86.369048
86.321429
86.295238
86.250000
86.166667
86.107143
86.235714
86.304762
86.409524
86.278571
86.290476
86.283333
86.357143
86.250000
86.147619
85.816667
86.119048
86.264286
86.297619
86.388095
86.285714
86.259524
86.316667
86.323810
86.273810
86.300000
86.188095
86.026190
86.014286
86.211905
86.383333
86.378571
86.347619
86.345238
86.338095
86.376190
86.350000
86.378571
86.366667
86.376190
86.311905
86.288095
86.221429
86.302381
86.285714
86.311905
86.352381
86.266667
86.247619
86.445238
86.478571
86.400000
86.300000
86.271429
86.316667
86.302381
86.259524
86.264286
86.283333
86.335714
86.290476
86.323810
86.195238
85.988095
85.942857
85.983333
86.273810
86.416667
86.416667
86.442857
86.423810
86.364286
86.095238
86.119048
86.259524
86.273810
86.071429
86.209524
86.254762
86.311905
86.404762
86.419048
86.421429
86.407143
86.328571
86.309524
86.271429
86.330952
86.345238
86.364286
86.114286
86.038095
86.254762
86.426190
86.385714
86.316667
86.169048
86.173810
86.285714
86.347619
86.278571
86.300000
86.323810
86.214286
86.269048
86.273810
86.419048
86.371429
86.411905
86.380952
86.414286
86.376190
86.376190
86.447619
86.190476
86.269048
86.423810
86.378571
86.042857
86.076190
86.421429
86.411905
86.342857
86.219048
86.328571
86.361905
86.316667
86.047619
86.123810
86.292857
86.383333
86.390476
86.307143
86.278571
86.295238
86.319048
86.278571
86.171429
86.135714
86.290476
86.350000
86.442857
86.378571
86.254762
86.228571
86.250000
86.192857
86.135714
86.188095
86.261905
86.314286
86.183333
86.154762
86.207143
86.304762
86.419048
86.342857
86.221429
86.221429
86.276190
86.430952
86.473810
86.507143
86.438095
86.450000
86.450000
86.419048
86.473810
86.504762
86.478571
86.514286
86.407143
86.228571
86.359524
86.350000
86.407143
86.459524
86.480952
86.390476
86.335714
86.271429
86.278571
86.230952
86.321429
86.195238
86.166667
86.223810
86.347619
86.397619
86.378571
86.390476
86.257143
86.235714
86.347619
86.421429
86.366667
86.400000
86.354762
86.283333
86.257143
86.335714
86.304762
86.371429
86.311905
86.269048
86.388095
86.352381
86.278571
86.307143
86.416667
86.345238
86.209524
86.302381
86.421429
86.385714
86.440476
86.490476
86.516667
86.511905
86.323810
86.214286
86.428571
86.461905
86.338095
86.297619
86.485714
86.557143
86.530952
86.447619
86.385714
86.502381
86.535714
86.530952
86.478571
86.452381
86.478571
86.483333
86.414286
86.314286
86.509524
86.383333
86.350000
86.235714
86.176190
86.271429
86.338095
86.478571
86.430952
86.435714
86.450000
86.433333
86.254762
86.085714
86.323810
86.504762
86.459524
86.428571
86.385714
86.409524
86.354762
86.109524
86.071429
86.159524
86.457143
86.357143
86.402381
86.366667
86.378571
86.457143
86.378571
86.223810
86.169048
86.423810
86.442857
86.519048
86.492857
86.469048
86.316667
86.278571
86.195238
86.428571
86.414286
86.480952
86.447619
86.452381
86.311905
86.283333
86.478571
86.450000
86.233333
86.230952
86.440476
86.507143
86.557143
86.528571
86.500000
86.533333
86.476190
86.476190
86.559524
86.461905
86.428571
86.297619
86.366667
86.385714
86.369048
86.350000
86.483333
86.580952
86.569048
86.411905
86.397619
86.561905
86.530952
86.461905
86.540476
86.516667
86.583333
86.661905
86.652381
86.633333
86.652381
86.580952
86.602381
86.450000
86.383333
86.321429
86.488095
86.592857
86.619048
86.585714
86.566667
86.509524
86.333333
86.228571
86.311905
86.488095
86.578571
86.557143
86.571429
86.526190
86.483333
86.492857
86.421429
86.269048
86.366667
86.230952
86.061905
86.373810
86.552381
86.542857
86.664286
86.652381
86.659524
86.645238
86.635714
86.466667
86.442857
86.430952
86.376190
86.240476
86.392857
86.254762
86.157143
86.235714
86.547619
86.590476
86.635714
86.640476
86.542857
86.490476
86.345238
86.483333
86.569048
86.490476
86.423810
86.402381
86.390476
86.347619
86.230952
86.271429
86.483333
86.578571
86.621429
86.585714
86.530952
86.580952
86.580952
86.521429
86.411905
86.252381
86.345238
86.380952
86.561905
86.573810
86.592857
86.454762
86.397619
86.230952
86.309524
86.545238
86.559524
86.490476
86.416667
86.371429
86.323810
86.300000
86.459524
86.623810
86.650000
86.645238
86.640476
86.471429
86.411905
86.273810
86.438095
86.528571
86.542857
86.645238
86.664286
86.692857
86.733333
86.733333
86.733333
86.735714
86.738095
86.728571
86.742857
86.738095
86.773810
86.750000
86.769048
86.745238
86.771429
86.747619
86.773810
86.747619
86.780952
86.750000
86.785714
86.757143
86.783333
86.761905
86.790476
86.761905
86.788095
86.764286
86.785714
86.764286
86.783333
86.761905
86.783333
86.761905
86.771429
86.761905
86.769048
86.769048
86.771429
86.742857
86.747619
86.716667
86.757143
86.733333
86.773810
86.771429
86.790476
86.792857
86.797619
86.802381
86.814286
86.802381
86.811905
86.811905
86.819048
86.821429
86.809524
86.816667
86.809524
86.821429
86.785714
86.800000
86.759524
86.761905
86.726190
86.711905
86.692857
86.704762
86.721429
86.735714
86.735714
86.723810
86.742857
86.759524
86.759524
86.790476
86.800000
86.788095
86.819048
86.800000
86.821429
86.804762
86.819048
86.792857
86.802381
86.785714
86.809524
86.790476
86.809524
86.785714
86.797619
86.783333
86.792857
86.797619
86.785714
86.738095
86.735714
86.673810
86.759524
86.771429
86.788095
86.764286
86.766667
86.730952
86.776190
86.764286
86.792857
86.745238
86.780952
86.716667
86.773810
86.721429
86.783333
86.761905
86.816667
86.776190
86.838095
86.790476
86.828571
86.809524
86.835714
86.797619
86.807143
86.778571
86.819048
86.778571
86.826190
86.780952
86.833333
86.778571
86.826190
86.788095
86.788095
86.766667
86.740476
86.664286
86.702381
86.661905
86.752381
86.757143
86.766667
86.754762
86.752381
86.752381
86.730952
86.759524
86.769048
86.783333
86.795238
86.780952
86.821429
86.830952
86.826190
86.838095
86.833333
86.833333
86.804762
86.838095
86.802381
86.826190
86.783333
86.828571
86.769048
86.814286
86.764286
86.811905
86.773810
86.802381
86.771429
86.807143
86.778571
86.766667
86.769048
86.821429
86.790476
86.809524
86.771429
86.764286
86.761905
86.823810
86.785714
86.833333
86.788095
86.800000
86.773810
86.752381
86.676190
86.726190
86.723810
86.692857
86.559524
86.733333
86.697619
86.721429
86.707143
86.776190
86.707143
86.792857
86.771429
86.792857
86.766667
86.788095
86.730952
86.792857
86.800000
86.809524
86.816667
86.828571
86.838095
86.845238
86.816667
86.838095
86.783333
86.842857
86.821429
86.833333
86.814286
86.802381
86.804762
86.783333
86.800000
86.795238
86.816667
86.823810
86.828571
86.835714
86.828571
86.840476
86.833333
86.850000
86.847619
86.840476
86.830952
86.816667
86.780952
86.804762
86.845238
86.821429
86.833333
86.788095
86.702381
86.692857
86.592857
86.702381
86.723810
86.764286
86.766667
86.776190
86.683333
86.800000
86.757143
86.776190
86.769048
86.773810
86.807143
86.833333
86.830952
86.847619
86.847619
86.847619
86.845238
86.842857
86.854762
86.823810
86.845238
86.807143
86.828571
86.757143
86.757143
86.683333
86.671429
86.711905
86.716667
86.676190
86.592857
86.688095
86.714286
86.778571
86.783333
86.780952
86.852381
86.842857
86.866667
86.854762
86.864286
86.845238
86.842857
86.828571
86.809524
86.773810
86.809524
86.807143
86.816667
86.790476
86.752381
86.740476
86.661905
86.730952
86.790476
86.759524
86.766667
86.700000
86.621429
86.797619
86.847619
86.871429
86.871429
86.871429
86.866667
86.842857
86.857143
86.807143
86.842857
86.840476
86.830952
86.788095
86.821429
86.842857
86.838095
86.819048
86.840476
86.838095
86.802381
86.711905
86.802381
86.769048
86.845238
86.835714
86.852381
86.821429
86.864286
86.850000
86.850000
86.830952
86.823810
86.802381
86.783333
86.800000
86.800000
86.821429
86.814286
86.800000
86.785714
86.778571
86.759524
86.733333
86.797619
86.826190
86.792857
86.850000
86.800000
86.792857
86.716667
86.583333
86.795238
86.866667
86.838095
86.780952
86.840476
86.811905
86.850000
86.814286
86.788095
86.750000
86.809524
86.876190
86.845238
86.845238
86.847619
86.861905
86.835714
86.835714
86.811905
86.838095
86.790476
86.807143
86.697619
86.807143
86.800000
86.719048
86.642857
86.671429
86.754762
86.730952
86.680952
86.852381
86.830952
86.854762
86.821429
86.861905
86.821429
86.869048
86.814286
86.823810
86.769048
86.833333
86.759524
86.766667
86.716667
86.811905
86.830952
86.819048
86.845238
86.816667
86.873810
86.885714
86.878571
86.890476
86.880952
86.907143
86.885714
86.919048
86.880952
86.926190
86.878571
86.919048
86.869048
86.880952
86.826190
86.702381
86.592857
86.783333
86.847619
86.869048
86.816667
86.807143
86.835714
86.828571
86.752381
86.645238
86.728571
86.811905
86.783333
86.709524
86.642857
86.811905
86.816667
86.847619
86.730952
86.716667
86.652381
86.783333
86.711905
86.804762
86.802381
86.800000
86.742857
86.795238
86.723810
86.750000
86.828571
86.821429
86.880952
86.883333
86.876190
86.897619
86.888095
86.902381
86.902381
86.909524
86.900000
86.911905
86.907143
86.907143
86.904762
86.919048
86.897619
86.895238
86.833333
86.804762
86.769048
86.835714
86.857143
86.859524
86.807143
86.821429
86.802381
86.838095
86.873810
86.885714
86.880952
86.847619
86.821429
86.728571
86.740476
86.833333
86.816667
86.711905
86.800000
86.769048
86.795238
86.716667
86.828571
86.897619
86.878571
86.897619
86.902381
86.907143
86.909524
86.902381
86.900000
86.888095
86.883333
86.857143
86.800000
86.680952
86.771429
86.840476
86.854762
86.878571
86.876190
86.857143
86.838095
86.771429
86.864286
86.900000
86.883333
86.923810
86.895238
86.916667
86.892857
86.880952
86.845238
86.857143
86.904762
86.911905
86.904762
86.871429
86.892857
86.878571
86.857143
86.783333
86.759524
86.723810
86.792857
86.788095
86.773810
86.828571
86.866667
86.847619
86.909524
86.900000
86.923810
86.919048
86.938095
86.911905
86.938095
86.926190
86.940476
86.914286
86.945238
86.907143
86.907143
86.914286
86.840476
86.866667
86.802381
86.761905
86.897619
86.861905
86.845238
86.800000
86.711905
86.719048
86.873810
86.809524
86.880952
86.880952
86.914286
86.900000
86.892857
86.919048
86.940476
86.921429
86.950000
86.938095
86.954762
86.935714
86.957143
86.942857
86.952381
86.935714
86.950000
86.942857
86.950000
86.938095
86.957143
86.938095
86.957143
86.926190
86.954762
86.926190
86.947619
86.916667
86.916667
86.869048
86.795238
86.757143
86.747619
86.688095
86.890476
86.892857
86.909524
86.840476
86.852381
86.759524
86.790476
86.776190
86.878571
86.780952
86.788095
86.688095
86.747619
86.821429
86.852381
86.900000
86.945238
86.954762
86.945238
86.952381
86.957143
86.954762
86.961905
86.959524
86.961905
86.950000
86.966667
86.942857
86.969048
86.942857
86.966667
86.938095
86.961905
86.940476
86.966667
86.935714
86.919048
86.850000
86.795238
86.669048
86.704762
86.852381
86.909524
86.821429
86.811905
86.616667
86.733333
86.859524
86.938095
86.923810
86.935714
86.916667
86.878571
86.869048
86.804762
86.819048
86.866667
86.735714
86.861905
86.838095
86.904762
86.833333
86.816667
86.745238
86.738095
86.650000
86.719048
86.823810
86.928571
86.945238
86.959524
86.954762
86.961905
86.954762
86.969048
86.964286
86.971429
86.950000
86.966667
86.926190
86.938095
86.861905
86.816667
86.714286
86.823810
86.833333
86.895238
86.864286
86.783333
86.795238
86.928571
86.945238
86.942857
86.933333
86.926190
86.883333
86.842857
86.740476
86.878571
86.914286
86.902381
86.892857
86.854762
86.807143
86.721429
86.566667
86.785714
86.900000
86.928571
86.938095
86.959524
86.947619
86.964286
86.942857
86.973810
86.950000
86.973810
86.954762
86.969048
86.938095
86.959524
86.930952
86.957143
86.911905
86.945238
86.869048
86.850000
86.807143
86.842857
86.788095
86.792857
86.707143
86.850000
86.838095
86.857143
86.778571
86.854762
86.740476
86.633333
86.704762
86.857143
86.947619
86.938095
86.940476
86.940476
86.914286
86.895238
86.871429
86.823810
86.795238
86.811905
86.871429
86.885714
86.873810
86.830952
86.809524
86.721429
86.788095
86.838095
86.888095
86.852381
86.871429
86.878571
86.854762
86.835714
86.847619
86.833333
86.852381
86.845238
86.830952
86.819048
86.861905
86.885714
86.926190
86.916667
86.957143
86.961905
86.969048
86.966667
86.985714
86.961905
86.983333
86.961905
86.980952
86.971429
86.980952
86.969048
86.973810
86.973810
86.969048
86.969048
86.971429
86.971429
86.961905
86.957143
86.957143
86.947619
86.952381
86.935714
86.923810
86.911905
86.864286
86.840476
86.733333
86.692857
86.914286
86.916667
86.895238
86.935714
86.976190
86.971429
86.976190
86.978571
86.978571
86.976190
86.971429
86.959524
86.945238
86.900000
86.871429
86.876190
86.750000
86.802381
86.885714
86.923810
86.940476
86.907143
86.907143
86.888095
86.876190
86.833333
86.726190
86.850000
86.892857
86.919048
86.900000
86.873810
86.773810
86.859524
86.945238
86.952381
86.966667
86.980952
86.980952
86.985714
86.973810
86.995238
86.978571
86.997619
86.983333
86.995238
86.983333
86.995238
86.983333
86.978571
86.935714
86.852381
86.797619
86.769048
86.761905
86.914286
86.930952
86.873810
86.821429
86.654762
86.840476
86.919048
86.945238
86.945238
86.964286
86.964286
86.964286
86.935714
86.935714
86.952381
86.940476
86.878571
86.816667
86.685714
86.723810
86.857143
86.921429
86.907143
86.921429
86.859524
86.930952
86.885714
86.859524
86.733333
86.854762
86.926190
86.880952
86.914286
86.864286
86.873810
86.788095
86.711905
86.780952
86.966667
86.983333
86.990476
86.995238
86.985714
87.000000
86.990476
87.004762
86.988095
87.011905
86.995238
87.019048
86.997619
87.016667
86.983333
86.997619
86.966667
86.969048
86.871429
86.857143
86.609524
86.728571
86.866667
86.914286
86.940476
87.002381
86.990476
86.997619
86.992857
86.990476
86.995238
86.997619
87.004762
86.980952
86.997619
86.992857
86.988095
86.985714
86.947619
86.969048
86.930952
86.861905
86.700000
86.576190
86.769048
86.971429
86.980952
86.983333
87.000000
87.004762
86.992857
87.000000
87.004762
87.011905
87.007143
87.019048
87.007143
87.023810
87.002381
87.030952
86.966667
86.907143
86.792857
86.857143
86.969048
86.976190
87.014286
87.038095
86.997619
87.030952
87.004762
87.028571
87.009524
87.030952
86.978571
86.995238
86.854762
86.847619
86.630952
86.766667
86.933333
87.026190
86.992857
86.992857
86.952381
86.966667
86.928571
86.930952
86.907143
86.919048
86.730952
86.816667
86.909524
86.866667
86.845238
86.866667
86.880952
86.885714
86.866667
86.800000
86.861905
86.711905
86.780952
