10.130952
10.583333
16.952381
20.504762
19.740476
21.126190
26.935714
30.259524
31.852381
32.500000
32.871429
32.892857
33.104762
33.485714
33.940476
34.495238
34.904762
35.411905
35.880952
36.283333
36.764286
37.166667
37.459524
37.769048
38.104762
38.473810
38.764286
39.078571
39.600000
40.109524
40.340476
40.633333
40.923810
41.226190
41.490476
41.816667
42.126190
42.450000
42.747619
42.997619
43.276190
43.554762
43.835714
44.204762
44.502381
44.802381
45.100000
45.395238
45.728571
46.030952
46.333333
46.635714
47.042857
47.388095
47.745238
48.038095
48.371429
48.611905
48.964286
49.190476
49.471429
49.811905
50.083333
50.361905
50.588095
50.945238
51.264286
51.580952
51.890476
52.161905
52.373810
52.680952
52.952381
53.214286
53.500000
53.716667
53.950000
54.197619
54.452381
54.700000
54.983333
55.226190
55.497619
55.783333
56.057143
56.266667
56.450000
56.714286
56.969048
57.190476
57.419048
57.609524
57.840476
58.088095
58.321429
58.500000
58.709524
58.897619
59.073810
59.319048
59.545238
59.747619
59.957143
60.085714
60.269048
60.478571
60.654762
60.826190
61.007143
61.171429
61.223810
61.340476
60.602381
57.311905
56.933333
54.823810
54.928571
49.290476
51.947619
48.492857
53.521429
55.845238
57.247619
54.892857
56.233333
53.161905
55.183333
54.135714
56.038095
55.045238
56.552381
56.002381
56.909524
56.380952
57.100000
56.850000
57.452381
57.140476
57.838095
57.452381
58.119048
57.721429
58.409524
57.969048
58.678571
58.300000
58.935714
58.590476
59.273810
58.869048
59.566667
59.085714
59.821429
59.361905
60.023810
59.630952
60.264286
59.883333
60.530952
60.107143
60.821429
60.319048
61.114286
60.540476
61.430952
60.747619
61.690476
60.966667
61.890476
61.200000
62.111905
61.404762
62.352381
61.657143
62.561905
61.900000
62.802381
62.130952
63.016667
62.316667
63.178571
62.545238
63.400000
62.742857
63.585714
62.947619
63.780952
63.126190
63.971429
63.323810
64.161905
63.504762
64.330952
63.740476
64.519048
63.916667
64.683333
64.173810
64.885714
64.402381
65.050000
64.530952
65.273810
64.766667
65.488095
64.985714
65.666667
65.178571
65.823810
65.373810
65.966667
65.580952
66.111905
65.747619
66.295238
65.904762
66.435714
66.159524
66.595238
66.326190
66.795238
66.545238
66.945238
66.738095
67.109524
66.923810
67.266667
67.092857
67.440476
67.295238
67.609524
67.435714
67.742857
67.638095
67.909524
67.852381
68.066667
68.019048
68.216667
68.209524
68.397619
68.400000
68.552381
68.552381
68.688095
68.719048
68.809524
68.861905
68.952381
69.035714
69.095238
69.176190
69.285714
69.340476
69.409524
69.538095
69.571429
69.730952
69.723810
69.902381
69.861905
70.073810
70.030952
70.214286
70.159524
70.373810
70.290476
70.523810
70.447619
70.671429
70.552381
70.809524
70.680952
70.950000
70.833333
71.061905
70.947619
71.197619
71.076190
71.319048
71.211905
71.435714
71.330952
71.573810
71.490476
71.728571
71.588095
71.852381
71.707143
71.959524
71.826190
72.073810
71.957143
72.204762
72.083333
72.340476
72.254762
72.450000
72.409524
72.569048
72.530952
72.688095
72.702381
72.819048
72.854762
72.950000
72.978571
73.064286
73.095238
73.204762
73.214286
73.316667
73.330952
73.421429
73.457143
73.550000
73.554762
73.671429
73.673810
73.778571
73.833333
73.857143
73.947619
73.973810
74.047619
74.100000
74.154762
74.207143
74.264286
74.307143
74.385714
74.392857
74.488095
74.440476
74.592857
74.523810
74.683333
74.585714
74.773810
74.671429
74.864286
74.761905
74.959524
74.852381
75.057143
74.959524
75.128571
75.057143
75.214286
75.138095
75.319048
75.216667
75.378571
75.273810
75.478571
75.361905
75.573810
75.442857
75.664286
75.509524
75.780952
75.571429
75.847619
75.645238
75.935714
75.733333
75.988095
75.797619
76.042857
75.871429
76.135714
75.973810
76.211905
76.045238
76.307143
76.133333
76.390476
76.209524
76.469048
76.280952
76.545238
76.364286
76.621429
76.447619
76.704762
76.504762
76.785714
76.573810
76.883333
76.623810
76.969048
76.697619
77.009524
76.780952
77.078571
76.830952
77.147619
76.878571
77.188095
76.940476
77.259524
76.997619
77.309524
77.069048
77.366667
77.116667
77.435714
77.188095
77.478571
77.259524
77.540476
77.338095
77.602381
77.416667
77.654762
77.497619
77.726190
77.576190
77.761905
77.645238
77.819048
77.714286
77.878571
77.759524
77.935714
77.821429
78.014286
77.866667
78.085714
77.904762
78.152381
77.983333
78.185714
78.033333
78.211905
78.100000
78.295238
78.150000
78.354762
78.190476
78.416667
78.250000
78.476190
78.316667
78.530952
78.373810
78.571429
78.445238
78.626190
78.509524
78.690476
78.559524
78.740476
78.597619
78.792857
78.642857
78.840476
78.688095
78.902381
78.735714
78.952381
78.769048
79.000000
78.823810
79.042857
78.857143
79.102381
78.926190
79.171429
78.980952
79.214286
79.023810
79.261905
79.069048
79.316667
79.092857
79.380952
79.123810
79.433333
79.185714
79.502381
79.226190
79.538095
79.254762
79.583333
79.304762
79.642857
79.371429
79.685714
79.423810
79.723810
79.457143
79.785714
79.509524
79.833333
79.542857
79.880952
79.597619
79.916667
79.645238
79.971429
79.695238
80.011905
79.738095
80.054762
79.769048
80.092857
79.792857
80.135714
79.871429
80.173810
79.923810
80.226190
79.959524
80.271429
79.992857
80.311905
80.038095
80.345238
80.073810
80.383333
80.109524
80.409524
80.159524
80.445238
80.202381
80.490476
80.252381
80.502381
80.295238
80.528571
80.321429
80.585714
80.373810
80.619048
80.409524
80.657143
80.459524
80.714286
80.492857
80.752381
80.542857
80.814286
80.578571
80.847619
80.623810
80.864286
80.664286
80.914286
80.711905
80.971429
80.738095
81.011905
80.771429
81.052381
80.819048
81.095238
80.845238
81.140476
80.883333
81.180952
80.919048
81.211905
80.942857
81.257143
80.983333
81.302381
81.016667
81.354762
81.042857
81.378571
81.083333
81.407143
81.116667
81.419048
81.150000
81.450000
81.195238
81.497619
81.223810
81.533333
81.250000
81.564286
81.271429
81.592857
81.297619
81.614286
81.333333
81.664286
81.371429
81.704762
81.402381
81.740476
81.430952
81.778571
81.466667
81.828571
81.509524
81.861905
81.547619
81.883333
81.573810
81.916667
81.609524
81.950000
81.642857
81.973810
81.676190
81.997619
81.707143
82.040476
81.735714
82.073810
81.757143
82.095238
81.773810
82.121429
81.802381
82.147619
81.850000
82.169048
81.880952
82.223810
81.911905
82.252381
81.933333
82.290476
81.954762
82.309524
81.978571
82.323810
82.016667
82.345238
82.054762
82.373810
82.102381
82.407143
82.138095
82.438095
82.161905
82.452381
82.204762
82.500000
82.235714
82.526190
82.254762
82.559524
82.295238
82.569048
82.309524
82.595238
82.342857
82.607143
82.361905
82.630952
82.414286
82.657143
82.442857
82.673810
82.480952
82.697619
82.511905
82.714286
82.557143
82.733333
82.571429
82.754762
82.592857
82.790476
82.626190
82.828571
82.647619
82.838095
82.664286
82.869048
82.702381
82.914286
82.750000
82.938095
82.764286
82.973810
82.788095
82.988095
82.809524
83.014286
82.847619
83.040476
82.890476
83.061905
82.916667
83.085714
82.935714
83.123810
82.971429
83.130952
83.002381
83.157143
83.021429
83.185714
83.042857
83.214286
83.050000
83.242857
83.083333
83.273810
83.088095
83.290476
83.121429
83.319048
83.152381
83.352381
83.171429
83.385714
83.209524
83.426190
83.250000
83.457143
83.259524
83.483333
83.295238
83.514286
83.311905
83.533333
83.338095
83.571429
83.359524
83.590476
83.392857
83.604762
83.404762
83.630952
83.421429
83.654762
83.435714
83.676190
83.445238
83.707143
83.478571
83.728571
83.500000
83.747619
83.511905
83.776190
83.538095
83.780952
83.554762
83.816667
83.564286
83.835714
83.590476
83.850000
83.611905
83.878571
83.642857
83.909524
83.659524
83.933333
83.669048
83.971429
83.697619
83.973810
83.733333
84.000000
83.752381
84.023810
83.761905
84.045238
83.776190
84.061905
83.788095
84.085714
83.807143
84.119048
83.842857
84.126190
83.847619
84.150000
83.869048
84.180952
83.880952
84.190476
83.892857
84.207143
83.921429
84.226190
83.940476
84.238095
83.952381
84.252381
83.971429
84.266667
83.988095
84.285714
84.004762
84.300000
84.019048
84.311905
84.042857
84.330952
84.057143
84.342857
84.071429
84.361905
84.085714
84.392857
84.102381
84.400000
84.140476
84.442857
84.140476
84.466667
84.159524
84.488095
84.173810
84.507143
84.202381
84.516667
84.216667
84.523810
84.228571
84.540476
84.250000
84.550000
84.273810
84.585714
84.316667
84.604762
84.340476
84.628571
84.345238
84.645238
84.357143
84.661905
84.380952
84.690476
84.400000
84.697619
84.426190
84.707143
84.438095
84.716667
84.454762
84.726190
84.459524
84.745238
84.466667
84.776190
84.480952
84.783333
84.495238
84.819048
84.509524
84.828571
84.535714
84.830952
84.557143
84.857143
84.566667
84.873810
84.569048
84.902381
84.588095
84.911905
84.614286
84.921429
84.640476
84.938095
84.650000
84.969048
84.673810
84.995238
84.688095
85.002381
84.695238
85.021429
84.702381
85.040476
84.723810
85.054762
84.742857
85.069048
84.764286
85.076190
84.769048
85.083333
84.773810
85.100000
84.785714
85.111905
84.802381
85.126190
84.819048
85.142857
84.840476
85.164286
84.847619
85.176190
84.866667
85.185714
84.880952
85.216667
84.895238
85.233333
84.914286
85.242857
84.938095
85.264286
84.952381
85.276190
84.954762
85.285714
84.971429
85.297619
84.995238
85.314286
84.997619
85.328571
85.009524
85.335714
85.028571
85.342857
85.035714
85.357143
85.045238
85.359524
85.052381
85.364286
85.071429
85.388095
85.090476
85.414286
85.102381
85.426190
85.123810
85.447619
85.145238
85.457143
85.171429
85.469048
85.185714
85.473810
85.195238
85.492857
85.204762
85.511905
85.226190
85.528571
85.228571
85.540476
85.238095
85.547619
85.254762
85.564286
85.257143
85.571429
85.273810
85.592857
85.292857
85.604762
85.307143
85.626190
85.326190
85.630952
85.333333
85.642857
85.347619
85.654762
85.359524
85.666667
85.380952
85.683333
85.395238
85.690476
85.400000
85.702381
85.419048
85.711905
85.428571
85.723810
85.452381
85.730952
85.459524
85.735714
85.497619
85.747619
85.516667
85.759524
85.538095
85.773810
85.557143
85.788095
85.569048
85.792857
85.573810
85.804762
85.595238
85.809524
85.611905
85.840476
85.623810
85.850000
85.840476
86.147619
86.019048
86.271429
86.183333
86.352381
86.200000
86.359524
86.259524
86.373810
86.292857
86.364286
86.295238
86.366667
86.290476
86.361905
86.309524
86.359524
86.326190
86.345238
86.330952
86.361905
86.342857
86.376190
86.361905
86.395238
86.376190
86.416667
86.409524
86.428571
86.419048
86.438095
86.430952
86.450000
86.452381
86.471429
86.459524
86.483333
86.466667
86.483333
86.476190
86.490476
86.485714
86.504762
86.483333
86.511905
86.485714
86.516667
86.509524
86.519048
86.514286
86.528571
86.523810
86.535714
86.530952
86.552381
86.530952
86.564286
86.533333
86.573810
86.545238
86.592857
86.564286
86.595238
86.571429
86.600000
86.571429
86.616667
86.564286
86.611905
86.576190
86.616667
86.585714
86.621429
86.590476
86.633333
86.585714
86.654762
86.602381
86.669048
86.604762
86.678571
86.602381
86.688095
86.600000
86.700000
86.600000
86.716667
86.592857
86.728571
86.611905
86.745238
86.621429
86.759524
86.597619
86.773810
86.604762
86.785714
86.592857
86.778571
86.550000
86.773810
86.535714
86.759524
86.514286
86.750000
86.478571
86.714286
86.400000
86.692857
86.338095
86.666667
86.257143
86.611905
86.197619
86.592857
86.152381
86.533333
86.147619
86.545238
86.150000
86.557143
86.188095
86.609524
86.240476
86.661905
86.314286
86.709524
86.378571
86.769048
86.454762
86.814286
86.530952
86.857143
86.592857
86.888095
86.645238
86.902381
86.652381
86.933333
86.664286
86.952381
86.690476
86.954762
86.707143
86.959524
86.726190
86.966667
86.738095
86.978571
86.745238
86.980952
86.761905
86.973810
86.752381
86.973810
86.747619
86.985714
86.728571
87.000000
86.721429
86.997619
86.707143
87.021429
86.711905
87.007143
86.680952
86.985714
86.659524
86.985714
86.635714
86.964286
86.630952
86.947619
86.623810
86.947619
86.611905
86.957143
86.604762
86.964286
86.602381
86.952381
86.609524
86.961905
86.628571
86.964286
86.652381
86.971429
86.676190
87.000000
86.700000
87.033333
86.735714
87.042857
86.759524
87.047619
86.776190
87.076190
86.788095
87.080952
86.804762
87.095238
86.814286
87.097619
86.823810
87.114286
86.842857
87.130952
86.854762
87.138095
86.859524
87.145238
86.859524
87.142857
86.852381
87.145238
86.847619
87.150000
86.850000
87.147619
86.842857
87.161905
86.850000
87.171429
86.852381
87.178571
86.854762
87.173810
86.861905
87.164286
86.857143
87.161905
86.857143
87.157143
86.854762
87.164286
86.852381
87.176190
86.854762
87.188095
86.857143
87.197619
86.861905
87.195238
86.873810
87.204762
86.885714
87.207143
86.900000
87.211905
86.911905
87.223810
86.919048
87.250000
86.940476
87.259524
86.964286
87.266667
86.973810
87.276190
86.983333
87.292857
86.997619
87.302381
87.007143
87.323810
87.023810
87.326190
87.028571
87.338095
87.050000
87.338095
87.064286
87.350000
87.066667
87.352381
87.080952
87.354762
87.090476
87.359524
87.104762
87.364286
87.114286
87.366667
87.121429
87.380952
87.128571
87.378571
87.138095
87.388095
87.152381
87.397619
87.173810
87.400000
87.178571
87.402381
87.190476
87.407143
87.190476
87.423810
87.195238
87.433333
87.200000
87.438095
87.197619
87.442857
87.207143
87.454762
87.211905
87.454762
87.214286
87.464286
87.223810
87.473810
87.240476
87.478571
87.259524
87.490476
87.264286
87.492857
87.269048
87.490476
87.280952
87.504762
87.280952
87.511905
87.285714
87.519048
87.295238
87.521429
87.309524
87.523810
87.319048
87.533333
87.330952
87.542857
87.335714
87.557143
87.345238
87.561905
87.347619
87.571429
87.357143
87.583333
87.364286
87.592857
87.371429
87.595238
87.402381
87.602381
87.402381
87.609524
87.411905
87.616667
87.414286
87.626190
87.419048
87.630952
87.435714
87.640476
87.447619
87.654762
87.459524
87.666667
87.464286
87.678571
87.473810
87.683333
87.483333
87.688095
87.490476
87.683333
87.497619
87.685714
87.504762
87.688095
87.514286
87.688095
87.521429
87.690476
87.526190
87.702381
87.530952
87.702381
87.540476
87.711905
87.552381
87.714286
87.559524
87.728571
87.573810
87.735714
87.578571
87.742857
87.585714
87.745238
87.583333
87.747619
87.590476
87.752381
87.597619
87.766667
87.602381
87.769048
87.607143
87.771429
87.611905
87.778571
87.621429
87.783333
87.626190
87.788095
87.635714
87.792857
87.645238
87.792857
87.647619
87.795238
87.647619
87.800000
87.657143
87.804762
87.659524
87.809524
87.661905
87.819048
87.664286
87.828571
87.673810
87.828571
87.680952
87.830952
87.700000
87.835714
87.700000
87.857143
87.707143
87.864286
87.711905
87.861905
87.716667
87.869048
87.716667
87.876190
87.730952
87.890476
87.738095
87.897619
87.747619
87.909524
87.757143
87.904762
87.754762
87.909524
87.759524
87.916667
87.764286
87.928571
87.773810
87.940476
87.788095
87.952381
87.788095
87.961905
87.792857
87.966667
87.804762
87.971429
87.816667
87.976190
87.826190
87.988095
87.828571
88.002381
87.833333
88.007143
87.840476
88.011905
87.840476
88.019048
87.842857
88.021429
87.847619
88.026190
87.854762
88.026190
87.859524
88.038095
87.866667
88.042857
87.866667
88.050000
87.873810
88.069048
87.878571
88.078571
87.880952
88.080952
87.892857
88.083333
87.907143
88.083333
87.911905
88.097619
87.921429
88.107143
87.930952
88.114286
87.933333
88.121429
87.940476
88.130952
87.940476
88.138095
87.947619
88.138095
87.952381
88.138095
87.957143
88.138095
87.957143
88.140476
87.957143
88.145238
87.969048
88.152381
87.976190
88.157143
87.988095
88.161905
88.000000
88.176190
88.007143
88.180952
88.011905
88.183333
88.011905
88.195238
88.033333
88.204762
88.030952
88.202381
88.035714
88.204762
88.045238
88.207143
88.057143
88.209524
88.061905
88.223810
88.066667
88.230952
88.073810
88.240476
88.080952
88.247619
88.083333
88.247619
88.090476
88.250000
88.107143
88.254762
88.116667
88.257143
88.121429
88.264286
88.130952
88.283333
88.138095
88.290476
88.142857
88.297619
88.145238
88.309524
88.157143
88.311905
88.164286
88.316667
88.166667
88.323810
88.173810
88.328571
88.173810
88.330952
88.176190
88.328571
88.190476
88.328571
88.197619
88.333333
88.214286
88.342857
88.216667
88.345238
88.221429
88.357143
88.226190
88.369048
88.223810
88.366667
88.228571
88.369048
88.238095
88.369048
88.245238
88.380952
88.257143
88.378571
88.257143
88.378571
88.264286
88.388095
88.276190
88.390476
88.278571
88.385714
88.278571
88.400000
88.280952
88.409524
88.288095
88.409524
88.295238
88.411905
88.300000
88.416667
88.302381
88.426190
88.309524
88.433333
88.311905
88.440476
88.311905
88.452381
88.321429
88.461905
88.319048
88.461905
88.323810
88.473810
88.328571
88.476190
88.330952
88.480952
88.333333
88.483333
88.335714
88.485714
88.335714
88.488095
88.338095
88.495238
88.347619
88.507143
88.352381
88.507143
88.359524
88.509524
88.369048
88.514286
88.369048
88.509524
88.378571
88.516667
88.385714
88.521429
88.388095
88.526190
88.397619
88.533333
88.402381
88.538095
88.407143
88.542857
88.404762
88.542857
88.416667
88.545238
88.416667
88.559524
88.416667
88.569048
88.426190
88.576190
88.428571
88.580952
88.428571
88.592857
88.430952
88.602381
88.433333
88.614286
88.433333
88.614286
88.438095
88.619048
88.450000
88.630952
88.459524
88.635714
88.464286
88.638095
88.476190
88.647619
88.483333
88.650000
88.485714
88.657143
88.490476
88.664286
88.492857
88.669048
88.497619
88.680952
88.509524
88.685714
88.516667
88.692857
88.523810
88.700000
88.523810
88.707143
88.516667
88.716667
88.519048
88.716667
88.530952
88.721429
88.538095
88.730952
88.547619
88.740476
88.552381
88.747619
88.552381
88.750000
88.561905
88.754762
88.564286
88.766667
88.566667
88.776190
88.573810
88.776190
88.573810
88.776190
88.576190
88.783333
88.588095
88.785714
88.592857
88.788095
88.602381
88.795238
88.597619
88.800000
88.600000
88.802381
88.611905
88.811905
88.616667
88.819048
88.619048
88.826190
88.623810
88.828571
88.630952
88.840476
88.640476
88.842857
88.638095
88.845238
88.645238
88.847619
88.647619
88.854762
88.654762
88.861905
88.654762
88.864286
88.661905
88.873810
88.664286
88.873810
88.671429
88.876190
88.669048
88.883333
88.671429
88.888095
88.676190
88.892857
88.685714
88.900000
88.695238
88.904762
88.695238
88.902381
88.700000
88.911905
88.709524
88.914286
88.719048
88.916667
88.726190
88.909524
88.730952
88.907143
88.733333
88.907143
88.728571
88.911905
88.728571
88.916667
88.728571
88.933333
88.726190
88.935714
88.733333
88.938095
88.735714
88.945238
88.735714
88.947619
88.735714
88.957143
88.738095
88.957143
88.740476
88.961905
88.747619
88.964286
88.757143
88.971429
88.766667
88.983333
88.771429
88.985714
88.776190
88.988095
88.788095
88.995238
88.797619
89.004762
88.807143
89.009524
88.819048
89.016667
88.823810
89.019048
88.833333
89.023810
88.847619
89.033333
88.850000
89.035714
88.852381
89.042857
88.854762
89.047619
88.852381
89.059524
88.854762
89.061905
88.861905
89.064286
88.861905
89.071429
88.866667
89.073810
88.866667
89.076190
88.871429
89.076190
88.880952
89.080952
88.888095
89.092857
88.895238
89.092857
88.907143
89.092857
88.909524
89.095238
88.914286
89.100000
88.923810
89.102381
88.928571
89.111905
88.940476
89.119048
88.945238
89.130952
88.952381
89.130952
88.952381
89.133333
88.952381
89.133333
88.957143
89.135714
88.959524
89.135714
88.961905
89.138095
88.966667
89.138095
88.966667
89.133333
88.973810
89.133333
88.983333
89.133333
88.992857
89.138095
88.995238
89.147619
89.000000
89.152381
89.007143
89.140476
89.009524
89.145238
89.011905
89.147619
89.021429
89.157143
89.021429
89.157143
89.028571
89.157143
89.038095
89.161905
89.042857
89.169048
89.042857
89.173810
89.047619
89.178571
89.050000
89.183333
89.052381
89.188095
89.054762
89.188095
89.061905
89.190476
89.066667
89.190476
89.064286
89.190476
89.071429
89.195238
89.078571
89.195238
89.080952
89.211905
89.085714
89.214286
89.090476
89.223810
89.095238
89.228571
89.092857
89.230952
89.090476
89.238095
89.090476
89.247619
89.088095
89.250000
89.097619
89.250000
89.102381
89.252381
89.104762
89.250000
89.104762
89.252381
89.111905
89.261905
89.121429
89.259524
89.126190
89.261905
89.133333
89.261905
89.135714
89.261905
89.150000
89.264286
89.150000
89.261905
89.154762
89.269048
89.161905
89.261905
89.171429
89.266667
89.185714
89.295238
89.240476
89.264286
89.252381
89.257143
89.261905
89.264286
89.261905
89.264286
89.266667
89.266667
89.269048
89.266667
89.269048
89.276190
89.278571
89.278571
89.280952
89.283333
89.288095
89.292857
89.295238
89.297619
89.302381
89.304762
89.304762
89.304762
89.307143
89.311905
89.319048
89.319048
89.321429
89.321429
89.323810
89.323810
89.321429
89.321429
89.321429
89.321429
89.323810
89.328571
89.335714
89.335714
89.338095
89.340476
89.340476
89.347619
89.347619
89.350000
89.350000
89.350000
89.350000
89.350000
89.350000
89.350000
89.350000
89.350000
89.352381
89.357143
89.354762
89.357143
89.359524
89.361905
89.364286
89.369048
89.371429
89.373810
89.376190
89.378571
89.378571
89.378571
89.376190
89.378571
89.378571
89.378571
89.376190
89.378571
89.378571
89.383333
89.380952
89.383333
89.383333
89.385714
89.383333
89.385714
89.383333
89.385714
89.390476
89.395238
89.395238
89.395238
89.395238
89.395238
89.397619
89.402381
89.404762
89.404762
89.402381
89.402381
89.402381
89.404762
89.402381
89.400000
89.400000
89.407143
89.409524
89.411905
89.416667
89.421429
89.423810
89.423810
89.423810
89.426190
89.428571
89.426190
89.430952
89.430952
89.428571
89.430952
89.433333
89.433333
89.435714
89.435714
89.438095
89.438095
89.442857
89.445238
89.452381
89.454762
89.454762
89.457143
89.454762
89.454762
89.454762
89.454762
89.457143
89.457143
89.459524
89.457143
89.454762
89.454762
89.457143
89.457143
89.464286
89.464286
89.464286
89.464286
89.464286
89.464286
89.466667
89.466667
89.466667
89.466667
89.466667
89.464286
89.464286
89.464286
89.469048
89.469048
89.469048
89.473810
89.473810
89.471429
89.473810
89.478571
89.480952
89.483333
89.483333
89.483333
89.483333
89.490476
89.492857
89.492857
89.490476
89.490476
89.490476
89.492857
89.495238
89.497619
89.497619
89.497619
89.500000
89.502381
89.504762
89.504762
89.504762
89.504762
89.507143
89.507143
89.507143
89.504762
89.507143
89.507143
89.507143
89.507143
89.511905
89.511905
89.511905
89.511905
89.509524
89.509524
89.514286
89.514286
89.514286
89.516667
89.516667
89.516667
89.516667
89.516667
89.519048
89.519048
89.521429
89.523810
89.528571
89.530952
89.533333
89.533333
89.538095
89.540476
89.540476
89.540476
89.540476
89.540476
89.540476
89.540476
89.538095
89.540476
89.542857
89.542857
89.545238
89.545238
89.542857
89.542857
89.545238
89.547619
89.547619
89.550000
89.550000
89.550000
89.550000
89.550000
89.552381
89.552381
89.550000
89.550000
89.550000
89.552381
89.552381
89.552381
89.554762
89.554762
89.554762
89.554762
89.554762
89.557143
89.557143
89.557143
89.557143
89.557143
89.559524
89.557143
89.554762
89.557143
89.559524
89.564286
89.564286
89.561905
89.561905
89.564286
89.573810
89.571429
89.573810
89.573810
89.576190
89.578571
89.578571
89.578571
89.576190
89.580952
89.580952
89.580952
89.583333
89.583333
89.583333
89.583333
89.585714
89.585714
89.585714
89.590476
89.590476
89.595238
89.600000
89.602381
89.602381
89.609524
89.611905
89.611905
89.614286
89.614286
89.621429
89.621429
89.621429
89.621429
89.621429
89.623810
89.626190
89.628571
89.626190
89.628571
89.633333
89.635714
89.633333
89.633333
89.633333
89.633333
89.635714
89.640476
89.647619
89.650000
89.652381
89.652381
89.654762
89.657143
89.657143
89.661905
89.664286
89.664286
89.666667
89.671429
89.673810
89.673810
89.676190
89.676190
89.680952
89.680952
89.680952
89.685714
89.690476
89.692857
89.692857
89.695238
89.697619
89.697619
89.697619
89.700000
89.700000
89.702381
89.704762
89.704762
89.702381
89.704762
89.707143
89.707143
89.707143
89.709524
89.709524
89.711905
89.714286
89.714286
89.719048
89.721429
89.723810
89.721429
89.721429
89.726190
89.728571
89.728571
89.728571
89.733333
89.735714
89.738095
89.735714
89.738095
89.738095
89.740476
89.738095
89.738095
89.738095
89.740476
89.742857
89.745238
89.745238
89.750000
89.752381
89.757143
89.754762
89.759524
89.759524
89.759524
89.764286
89.766667
89.764286
89.769048
89.771429
89.773810
89.773810
89.773810
89.773810
89.773810
89.778571
89.778571
89.778571
89.776190
89.778571
89.778571
89.785714
89.792857
89.797619
89.802381
89.802381
89.802381
89.802381
89.804762
89.807143
89.807143
89.807143
89.807143
89.811905
89.811905
89.809524
89.809524
89.809524
89.809524
89.809524
89.809524
89.814286
89.816667
89.816667
89.821429
89.823810
89.826190
89.828571
89.828571
89.828571
89.828571
89.833333
89.833333
89.835714
89.835714
89.835714
89.845238
89.850000
89.852381
89.854762
89.852381
89.857143
89.861905
89.861905
89.864286
89.864286
89.864286
89.864286
89.861905
89.861905
89.861905
89.864286
89.864286
89.866667
89.866667
89.866667
89.864286
89.861905
89.861905
89.864286
89.866667
89.866667
89.866667
89.871429
89.869048
89.871429
89.869048
89.869048
89.876190
89.876190
89.873810
89.873810
89.873810
89.873810
89.871429
89.871429
89.871429
89.873810
89.876190
89.876190
89.876190
89.876190
89.876190
89.876190
89.878571
89.883333
89.880952
89.885714
89.890476
89.890476
89.890476
89.890476
89.892857
89.892857
89.895238
89.895238
89.895238
89.897619
89.892857
89.895238
89.895238
89.892857
89.892857
89.895238
89.895238
89.897619
89.897619
89.895238
89.895238
89.895238
89.895238
89.892857
89.892857
89.890476
89.888095
89.888095
89.895238
89.900000
89.900000
89.904762
89.904762
89.902381
89.900000
89.900000
89.902381
89.904762
89.904762
89.904762
89.907143
89.909524
89.909524
89.914286
89.916667
89.916667
89.916667
89.921429
89.921429
89.921429
89.921429
89.921429
89.921429
89.921429
89.921429
89.923810
89.926190
89.928571
89.928571
89.928571
89.928571
89.930952
89.930952
89.930952
89.930952
89.930952
89.930952
89.928571
89.928571
89.928571
89.928571
89.930952
89.926190
89.926190
89.930952
89.930952
89.930952
89.933333
89.933333
89.933333
89.935714
89.935714
89.938095
89.945238
89.947619
89.947619
89.950000
89.950000
89.952381
89.954762
89.954762
89.954762
89.954762
89.954762
89.954762
89.952381
89.954762
89.959524
89.961905
89.961905
89.964286
89.964286
89.966667
89.969048
89.969048
89.969048
89.971429
89.976190
89.976190
89.976190
89.976190
89.978571
89.978571
89.980952
89.980952
89.983333
89.985714
89.985714
89.985714
89.988095
89.985714
89.988095
89.988095
89.985714
89.985714
89.985714
89.985714
89.985714
89.985714
89.988095
89.988095
89.988095
89.988095
89.990476
89.995238
89.995238
90.000000
89.997619
90.000000
89.997619
89.997619
90.000000
90.004762
90.009524
90.011905
90.016667
90.016667
90.014286
90.016667
90.014286
90.014286
90.014286
90.016667
90.016667
90.019048
90.016667
90.021429
90.021429
90.021429
90.021429
90.021429
90.021429
90.023810
90.028571
90.033333
90.038095
90.045238
90.042857
90.042857
90.045238
90.050000
90.052381
90.052381
90.050000
90.050000
90.050000
90.050000
90.052381
90.054762
90.054762
90.057143
90.057143
90.057143
90.054762
90.057143
90.057143
90.059524
90.059524
90.066667
90.069048
90.071429
90.071429
90.071429
90.073810
90.076190
90.076190
90.076190
90.080952
90.078571
90.078571
90.078571
90.080952
90.085714
90.085714
90.085714
90.090476
90.092857
90.095238
90.095238
90.097619
90.097619
90.097619
90.097619
90.097619
90.095238
90.095238
90.095238
90.097619
90.097619
90.095238
90.100000
90.102381
90.102381
90.104762
90.104762
90.102381
90.109524
90.109524
90.111905
90.111905
90.114286
90.114286
90.114286
90.119048
90.119048
90.119048
90.121429
90.123810
90.123810
90.123810
90.128571
90.128571
90.128571
90.128571
90.128571
90.126190
90.128571
90.130952
90.133333
90.135714
90.133333
90.135714
90.138095
90.138095
90.138095
90.138095
90.138095
90.135714
90.138095
90.138095
90.138095
90.138095
90.138095
90.138095
90.138095
90.140476
90.142857
90.142857
90.142857
90.142857
90.140476
90.140476
90.142857
90.142857
90.147619
90.152381
90.152381
90.152381
90.154762
90.154762
90.154762
90.157143
90.157143
90.159524
90.159524
90.159524
90.159524
90.159524
90.161905
90.164286
90.164286
90.166667
90.169048
90.169048
90.169048
90.171429
90.171429
90.171429
90.176190
90.176190
90.176190
90.176190
90.178571
90.183333
90.180952
90.183333
90.183333
90.183333
90.185714
90.185714
90.188095
90.190476
90.192857
90.195238
90.197619
90.200000
90.200000
90.202381
90.200000
90.200000
90.200000
90.200000
90.202381
90.202381
90.202381
90.207143
90.207143
90.211905
90.211905
90.214286
90.216667
90.219048
90.221429
90.221429
90.221429
90.219048
90.219048
90.216667
90.216667
90.221429
90.223810
90.223810
90.228571
90.228571
90.230952
90.235714
90.235714
90.235714
90.240476
90.240476
90.242857
90.250000
90.254762
90.257143
90.257143
90.257143
90.257143
90.254762
90.254762
90.257143
90.259524
90.261905
90.261905
90.261905
90.266667
90.266667
90.266667
90.266667
90.266667
90.266667
90.269048
90.271429
90.273810
90.276190
90.276190
90.276190
90.276190
90.276190
90.276190
90.276190
90.278571
90.278571
90.278571
90.278571
90.278571
90.280952
90.283333
90.283333
90.285714
90.288095
90.290476
90.292857
90.295238
90.295238
90.297619
90.297619
90.295238
90.295238
90.297619
90.300000
90.302381
90.307143
90.307143
90.307143
90.307143
90.309524
90.314286
90.311905
90.316667
90.314286
90.316667
90.316667
90.316667
90.316667
90.321429
90.321429
90.321429
90.321429
90.321429
90.321429
90.321429
90.321429
90.328571
90.328571
90.328571
90.326190
90.328571
90.328571
90.328571
90.330952
90.330952
90.335714
90.338095
90.335714
90.335714
90.338095
90.342857
90.347619
90.347619
90.350000
90.345238
90.345238
90.350000
90.350000
90.350000
90.350000
90.354762
90.354762
90.359524
90.361905
90.364286
90.364286
90.361905
90.361905
90.369048
90.371429
90.373810
90.376190
90.380952
90.383333
90.383333
90.380952
90.383333
90.383333
90.383333
90.383333
90.388095
90.388095
90.388095
90.390476
90.397619
90.397619
90.397619
90.397619
90.397619
90.402381
90.402381
90.404762
90.404762
90.404762
90.404762
90.404762
90.404762
90.402381
90.407143
90.407143
90.409524
90.411905
90.407143
90.411905
90.411905
90.414286
90.416667
90.416667
90.416667
90.414286
90.414286
90.419048
90.421429
90.419048
90.419048
90.421429
90.421429
90.423810
90.421429
90.421429
90.426190
90.426190
90.426190
90.426190
90.426190
90.426190
90.426190
90.428571
90.426190
90.428571
90.428571
90.428571
90.430952
90.430952
90.430952
90.433333
90.433333
90.433333
90.430952
90.426190
90.428571
90.428571
90.428571
90.428571
90.428571
90.430952
90.430952
90.430952
90.433333
90.433333
90.433333
90.435714
90.440476
90.438095
90.440476
90.440476
90.442857
90.440476
90.440476
90.440476
90.438095
90.438095
90.440476
90.445238
90.445238
90.445238
90.445238
90.445238
90.447619
90.447619
90.447619
90.447619
90.452381
90.452381
90.452381
90.450000
90.450000
90.450000
90.452381
90.452381
90.452381
90.452381
90.452381
90.452381
90.452381
90.452381
90.454762
90.454762
90.454762
90.454762
90.454762
90.457143
90.457143
90.459524
90.459524
90.459524
90.464286
90.464286
90.464286
90.464286
90.464286
90.464286
90.464286
90.466667
90.464286
90.464286
90.464286
90.464286
90.466667
90.464286
90.464286
90.464286
90.466667
90.469048
90.471429
90.473810
90.473810
90.473810
90.473810
90.473810
90.473810
90.473810
90.473810
90.473810
90.473810
90.473810
90.471429
90.471429
90.469048
90.469048
90.469048
90.471429
90.473810
90.473810
90.476190
90.476190
90.476190
90.476190
90.478571
90.478571
90.478571
90.478571
90.476190
90.476190
90.476190
90.476190
90.476190
90.478571
90.478571
90.478571
90.473810
90.473810
90.473810
90.480952
90.483333
90.483333
90.483333
90.483333
90.483333
90.483333
90.488095
90.488095
90.488095
90.488095
90.490476
90.488095
90.488095
90.485714
90.488095
90.488095
90.488095
90.490476
90.495238
90.497619
90.500000
90.500000
90.500000
90.497619
90.497619
90.497619
90.497619
90.500000
90.504762
90.504762
90.504762
90.507143
90.507143
90.507143
90.509524
90.511905
90.511905
90.511905
90.511905
90.511905
90.511905
90.511905
90.514286
90.516667
90.514286
90.511905
90.514286
90.516667
90.519048
90.521429
90.521429
90.523810
90.523810
90.523810
90.528571
90.530952
90.530952
90.530952
90.533333
90.533333
90.533333
90.533333
90.533333
90.533333
90.533333
90.530952
90.530952
90.530952
90.530952
90.533333
90.533333
90.538095
90.538095
90.538095
90.540476
90.538095
90.538095
90.538095
90.538095
90.540476
90.540476
90.540476
90.540476
90.542857
90.542857
90.542857
90.542857
90.545238
90.545238
90.542857
90.542857
90.545238
90.542857
90.542857
90.545238
90.545238
90.547619
90.545238
90.542857
90.542857
90.542857
90.542857
90.542857
90.542857
90.542857
90.542857
90.542857
90.542857
90.542857
90.542857
90.542857
90.540476
90.540476
90.540476
90.542857
90.542857
90.542857
90.545238
90.545238
90.545238
90.545238
90.547619
90.547619
90.547619
90.547619
90.547619
90.550000
90.550000
90.550000
90.547619
90.547619
90.547619
90.550000
90.550000
90.550000
90.550000
90.550000
90.550000
90.550000
90.554762
90.554762
90.554762
90.554762
90.554762
90.554762
90.554762
90.552381
90.552381
90.554762
90.554762
90.557143
90.557143
90.557143
90.557143
90.557143
90.557143
90.557143
90.559524
90.559524
90.559524
90.561905
90.564286
90.564286
90.564286
90.566667
90.566667
90.566667
90.566667
90.566667
90.566667
90.566667
90.566667
90.566667
90.566667
90.569048
90.569048
90.573810
90.573810
90.573810
90.576190
90.576190
90.576190
90.578571
90.578571
90.578571
90.578571
90.580952
90.583333
90.580952
90.585714
90.585714
90.588095
90.590476
90.590476
90.590476
90.590476
90.588095
90.588095
90.590476
90.590476
90.590476
90.590476
90.592857
90.592857
90.592857
90.592857
90.595238
90.595238
90.595238
90.597619
90.600000
90.600000
90.602381
90.602381
90.602381
90.602381
90.602381
90.602381
90.602381
90.602381
90.604762
90.604762
90.604762
90.604762
90.604762
90.604762
90.607143
90.607143
90.611905
90.614286
90.614286
90.616667
90.616667
90.616667
90.616667
90.614286
90.616667
90.616667
90.616667
90.616667
90.614286
90.614286
90.616667
90.616667
90.616667
90.621429
90.621429
90.623810
90.626190
90.626190
90.628571
90.628571
90.628571
90.628571
90.628571
90.626190
90.626190
90.626190
90.626190
90.628571
90.628571
90.628571
90.628571
90.630952
90.630952
90.633333
90.633333
90.635714
90.635714
90.635714
90.635714
90.635714
90.635714
90.635714
90.638095
90.640476
90.642857
90.642857
90.647619
90.647619
90.647619
90.647619
90.647619
90.650000
90.650000
90.650000
90.650000
90.650000
90.657143
90.657143
90.654762
90.654762
90.654762
90.654762
90.654762
90.654762
90.654762
90.654762
90.654762
90.654762
90.654762
90.654762
90.654762
90.654762
90.654762
90.654762
90.654762
90.654762
90.654762
90.657143
90.659524
90.657143
90.659524
90.659524
90.659524
90.661905
90.661905
90.664286
90.664286
90.669048
90.669048
90.671429
90.671429
90.671429
90.673810
90.676190
90.676190
90.676190
90.676190
90.676190
90.676190
90.676190
90.676190
90.676190
90.676190
90.680952
90.680952
90.680952
90.683333
90.685714
90.685714
90.685714
90.685714
90.685714
90.685714
90.690476
90.692857
90.692857
90.690476
90.690476
90.692857
90.692857
90.692857
90.692857
90.692857
90.692857
90.692857
90.692857
90.690476
90.690476
90.690476
90.690476
90.692857
90.697619
90.700000
90.700000
90.700000
90.700000
90.700000
90.704762
90.704762
90.707143
90.704762
90.704762
90.707143
90.707143
90.707143
90.709524
90.711905
90.711905
90.711905
90.716667
90.716667
90.716667
90.719048
90.719048
90.719048
90.721429
90.721429
90.719048
90.719048
90.719048
90.719048
90.719048
90.719048
90.719048
90.716667
90.721429
90.721429
90.721429
90.721429
90.721429
90.721429
90.723810
90.723810
90.723810
90.723810
90.723810
90.726190
90.728571
90.730952
90.730952
90.733333
90.733333
90.733333
90.733333
90.733333
90.735714
90.733333
90.733333
90.735714
90.735714
90.735714
90.735714
90.735714
90.735714
90.735714
90.733333
90.733333
90.733333
90.730952
90.730952
90.730952
90.730952
90.733333
90.733333
90.735714
90.735714
90.738095
90.738095
90.738095
90.742857
90.745238
90.747619
90.747619
90.747619
90.752381
90.754762
90.754762
90.757143
90.759524
90.759524
90.759524
90.759524
90.759524
90.759524
90.757143
90.759524
90.761905
90.759524
90.764286
90.766667
90.766667
90.766667
90.766667
90.766667
90.766667
90.766667
90.773810
90.773810
90.773810
90.773810
90.773810
90.773810
90.773810
90.773810
90.773810
90.773810
90.773810
90.773810
90.773810
90.780952
90.783333
90.783333
90.783333
90.785714
90.788095
90.790476
90.792857
90.790476
90.788095
90.792857
90.792857
90.792857
90.792857
90.792857
90.792857
90.795238
90.800000
90.802381
90.802381
90.802381
90.800000
90.804762
90.804762
90.804762
90.804762
90.804762
90.804762
90.804762
90.804762
90.807143
90.811905
90.816667
90.819048
90.821429
90.823810
90.821429
90.821429
90.821429
90.821429
90.823810
90.823810
90.823810
90.821429
90.828571
90.828571
90.828571
90.828571
90.828571
90.826190
90.826190
90.826190
90.828571
90.833333
90.835714
90.835714
90.835714
90.835714
90.838095
90.838095
90.838095
90.838095
90.835714
90.835714
90.835714
90.835714
90.835714
90.838095
90.838095
90.838095
90.838095
90.838095
90.838095
90.838095
90.838095
90.838095
90.838095
90.838095
90.835714
90.835714
90.835714
90.835714
90.835714
90.835714
90.835714
90.840476
90.840476
90.840476
90.840476
90.845238
90.845238
90.845238
90.847619
90.847619
90.847619
90.847619
90.845238
90.845238
90.845238
90.847619
90.845238
90.845238
90.845238
90.845238
90.845238
90.847619
90.847619
90.847619
90.847619
90.852381
90.850000
90.850000
90.850000
90.850000
90.850000
90.852381
90.854762
90.854762
90.854762
90.854762
90.854762
90.854762
90.857143
90.859524
90.859524
90.859524
90.859524
90.861905
90.861905
90.861905
90.861905
90.861905
90.861905
90.861905
90.861905
90.864286
90.866667
90.866667
90.866667
90.869048
90.871429
90.871429
90.871429
90.869048
90.869048
90.869048
90.869048
90.869048
90.869048
90.871429
90.873810
90.873810
90.873810
90.873810
90.871429
90.871429
90.871429
90.873810
90.878571
90.878571
90.878571
90.878571
90.878571
90.878571
90.878571
90.878571
90.878571
90.878571
90.878571
90.878571
90.878571
90.880952
90.883333
90.888095
90.888095
90.888095
90.890476
90.890476
90.888095
90.888095
90.888095
90.888095
90.888095
90.888095
90.888095
90.888095
90.888095
90.888095
90.888095
90.888095
90.888095
90.888095
90.890476
90.892857
90.892857
90.892857
90.892857
90.895238
90.895238
90.895238
90.900000
90.900000
90.902381
90.902381
90.904762
90.907143
90.904762
90.904762
90.907143
90.907143
90.909524
90.909524
90.909524
90.909524
90.909524
90.909524
90.909524
90.909524
90.909524
90.909524
90.911905
90.911905
90.911905
90.911905
90.911905
90.911905
90.911905
90.911905
90.911905
90.911905
90.911905
90.914286
90.914286
90.919048
90.919048
90.921429
90.921429
90.923810
90.923810
90.923810
90.923810
90.921429
90.921429
90.921429
90.921429
90.919048
90.919048
90.919048
90.921429
90.923810
90.928571
90.930952
90.930952
90.930952
90.930952
90.930952
90.930952
90.928571
90.928571
90.928571
90.928571
90.926190
90.926190
90.926190
90.923810
90.926190
90.926190
90.926190
90.926190
90.928571
90.928571
90.928571
90.930952
90.930952
90.930952
90.933333
90.933333
90.933333
90.933333
90.933333
90.933333
90.933333
90.933333
90.933333
90.933333
90.938095
90.940476
90.942857
90.945238
90.945238
90.947619
90.947619
90.947619
90.947619
90.947619
90.947619
90.947619
90.947619
90.947619
90.950000
90.947619
90.950000
90.950000
90.947619
90.947619
90.947619
90.947619
90.947619
90.950000
90.952381
90.952381
90.952381
90.952381
90.952381
90.957143
90.957143
90.957143
90.959524
90.959524
90.959524
90.959524
90.961905
90.961905
90.961905
90.959524
90.959524
90.959524
90.957143
90.957143
90.957143
90.961905
90.964286
90.966667
90.971429
90.971429
90.973810
90.976190
90.976190
90.978571
90.980952
90.980952
90.985714
90.985714
90.985714
90.988095
90.988095
90.988095
90.988095
90.992857
90.992857
90.992857
90.992857
90.992857
90.988095
90.988095
90.988095
90.988095
90.992857
90.992857
90.992857
90.992857
90.992857
90.992857
90.992857
90.992857
90.995238
90.995238
90.995238
90.995238
90.995238
90.992857
90.992857
90.992857
90.995238
90.995238
90.997619
90.997619
90.997619
90.997619
90.997619
90.997619
91.000000
91.000000
91.000000
91.000000
91.000000
91.000000
91.000000
91.002381
91.004762
91.004762
91.004762
91.007143
91.009524
91.009524
91.009524
91.009524
91.011905
91.011905
91.011905
91.014286
91.014286
91.014286
91.014286
91.014286
91.014286
91.011905
91.014286
91.014286
91.016667
91.016667
91.016667
91.016667
91.019048
91.019048
91.019048
91.019048
91.019048
91.019048
91.019048
91.019048
91.019048
91.019048
91.019048
91.016667
91.016667
91.016667
91.016667
91.016667
91.016667
91.016667
91.014286
91.014286
91.014286
91.014286
91.014286
91.014286
91.016667
91.019048
91.021429
91.021429
91.021429
91.023810
91.023810
91.026190
91.026190
91.026190
91.026190
91.026190
91.026190
91.026190
91.026190
91.028571
91.028571
91.028571
91.028571
91.028571
91.028571
91.028571
91.028571
91.028571
91.028571
91.028571
91.028571
91.026190
91.026190
91.026190
91.026190
91.026190
91.026190
91.026190
91.026190
91.026190
91.026190
91.028571
91.028571
91.028571
91.028571
91.028571
91.028571
91.028571
91.028571
91.028571
91.028571
91.028571
91.028571
91.028571
91.028571
91.028571
91.028571
91.028571
91.028571
91.028571
91.028571
91.030952
91.033333
91.033333
91.033333
91.033333
91.033333
91.035714
91.035714
91.038095
91.038095
91.038095
91.038095
91.038095
91.038095
91.038095
91.038095
91.040476
91.045238
91.045238
91.045238
91.045238
91.050000
91.047619
91.047619
91.050000
91.050000
91.050000
91.050000
91.052381
91.050000
91.050000
91.050000
91.050000
91.050000
91.050000
91.050000
91.052381
91.052381
91.052381
91.057143
91.057143
91.057143
91.059524
91.061905
91.061905
91.061905
91.061905
91.061905
91.061905
91.061905
91.061905
91.061905
91.061905
91.061905
91.061905
91.061905
91.061905
91.061905
91.061905
91.061905
91.064286
91.064286
91.064286
91.064286
91.064286
91.064286
91.064286
91.066667
91.066667
91.066667
91.066667
91.066667
91.066667
91.069048
91.069048
91.069048
91.069048
91.069048
91.069048
91.069048
91.073810
91.073810
91.073810
91.073810
91.073810
91.076190
91.076190
91.076190
91.076190
91.073810
91.073810
91.073810
91.076190
91.076190
91.076190
91.078571
91.078571
91.078571
91.078571
91.078571
91.078571
91.078571
91.078571
91.080952
91.080952
91.080952
91.080952
91.080952
91.083333
91.083333
91.083333
91.083333
91.085714
91.085714
91.085714
91.085714
91.085714
91.085714
91.085714
91.088095
91.088095
91.088095
91.088095
91.088095
91.088095
91.088095
91.088095
91.088095
91.088095
91.088095
91.088095
91.088095
91.088095
91.088095
91.085714
91.085714
91.083333
91.083333
91.083333
91.083333
91.083333
91.083333
91.083333
91.083333
91.083333
91.085714
91.088095
91.088095
91.088095
91.088095
91.090476
91.092857
91.092857
91.092857
91.092857
91.092857
91.092857
91.092857
91.092857
91.092857
91.092857
91.092857
91.092857
91.092857
91.092857
91.092857
91.092857
91.092857
91.092857
91.092857
91.092857
91.092857
91.092857
91.092857
91.095238
91.095238
91.095238
91.095238
91.095238
91.095238
91.095238
91.095238
91.095238
91.092857
91.092857
91.092857
91.092857
91.095238
91.095238
91.095238
91.095238
91.097619
91.097619
91.097619
91.097619
91.097619
91.097619
91.097619
91.102381
91.102381
91.102381
91.102381
91.102381
91.102381
91.102381
91.102381
91.100000
91.100000
91.100000
91.100000
91.100000
91.100000
91.100000
91.102381
91.107143
91.107143
91.107143
91.107143
91.109524
91.109524
91.111905
91.111905
91.114286
91.114286
91.114286
91.114286
91.114286
91.114286
91.114286
91.114286
91.114286
91.114286
91.114286
91.114286
91.114286
91.114286
91.114286
91.111905
91.111905
91.111905
91.111905
91.111905
91.111905
91.111905
91.111905
91.111905
91.111905
91.114286
91.116667
91.116667
91.119048
91.119048
91.119048
91.119048
91.119048
91.119048
91.119048
91.119048
91.119048
91.119048
91.119048
91.119048
91.119048
91.119048
91.119048
91.119048
91.119048
91.119048
91.121429
91.121429
91.121429
91.126190
91.126190
91.126190
91.126190
91.126190
91.126190
91.126190
91.126190
91.126190
91.130952
91.130952
91.130952
91.128571
91.128571
91.128571
91.128571
91.128571
91.130952
91.130952
91.130952
91.133333
91.135714
91.135714
91.135714
91.135714
91.135714
91.138095
91.138095
91.138095
91.138095
91.138095
91.140476
91.140476
91.140476
91.140476
91.140476
91.142857
91.142857
91.142857
91.142857
91.145238
91.145238
91.145238
91.145238
91.150000
91.150000
91.150000
91.150000
91.150000
91.150000
91.150000
91.150000
91.152381
91.152381
91.154762
91.154762
91.154762
91.154762
91.157143
91.157143
91.157143
91.157143
91.157143
91.157143
91.157143
91.157143
91.157143
91.159524
91.159524
91.159524
91.159524
91.159524
91.159524
91.161905
91.161905
91.164286
91.164286
91.164286
91.164286
91.164286
91.166667
91.166667
91.166667
91.169048
91.169048
91.171429
91.171429
91.171429
91.171429
91.171429
91.171429
91.171429
91.171429
91.173810
91.173810
91.173810
91.173810
91.173810
91.173810
91.173810
91.173810
91.173810
91.173810
91.176190
91.176190
91.176190
91.176190
91.176190
91.178571
91.178571
91.180952
91.180952
91.183333
91.183333
91.183333
91.183333
91.183333
91.185714
91.185714
91.185714
91.185714
91.188095
91.188095
91.188095
91.188095
91.190476
91.190476
91.190476
91.190476
91.190476
91.188095
91.190476
91.192857
91.192857
91.195238
91.195238
91.195238
91.197619
91.197619
91.197619
91.197619
91.197619
91.197619
91.200000
91.200000
91.202381
91.202381
91.202381
91.200000
91.200000
91.200000
91.200000
91.200000
91.200000
91.200000
91.200000
91.200000
91.200000
91.202381
91.202381
91.202381
91.204762
91.204762
91.204762
91.204762
91.204762
91.204762
91.204762
91.204762
91.204762
91.207143
91.207143
91.207143
91.207143
91.207143
91.209524
91.214286
91.214286
91.216667
91.216667
91.216667
91.216667
91.216667
91.216667
91.214286
91.214286
91.214286
91.214286
91.216667
91.216667
91.216667
91.219048
91.219048
91.219048
91.219048
91.219048
91.219048
91.219048
91.219048
91.219048
91.219048
91.219048
91.221429
91.221429
91.221429
91.223810
91.223810
91.223810
91.223810
91.228571
91.228571
91.228571
91.228571
91.228571
91.228571
91.226190
91.226190
91.226190
91.226190
91.228571
91.228571
91.228571
91.228571
91.228571
91.230952
91.230952
91.230952
91.230952
91.230952
91.233333
91.233333
91.235714
91.235714
91.235714
91.238095
91.238095
91.238095
91.238095
91.238095
91.240476
91.240476
91.242857
91.242857
91.242857
91.242857
91.242857
91.242857
91.242857
91.245238
91.245238
91.245238
91.245238
91.245238
91.245238
91.245238
91.245238
91.247619
91.250000
91.250000
91.252381
91.254762
91.254762
91.254762
91.254762
91.254762
91.254762
91.254762
91.254762
91.254762
91.257143
91.254762
91.257143
91.257143
91.257143
91.257143
91.261905
91.261905
91.261905
91.264286
91.264286
91.261905
91.261905
91.261905
91.261905
91.261905
91.261905
91.266667
91.266667
91.266667
91.266667
91.266667
91.266667
91.266667
91.266667
91.269048
91.269048
91.269048
91.269048
91.269048
91.269048
91.269048
91.269048
91.271429
91.273810
91.273810
91.273810
91.273810
91.273810
91.273810
91.273810
91.273810
91.273810
91.273810
91.276190
91.276190
91.276190
91.276190
91.278571
91.278571
91.278571
91.278571
91.278571
91.278571
91.280952
91.280952
91.280952
91.280952
91.280952
91.283333
91.285714
91.285714
91.283333
91.283333
91.283333
91.283333
91.285714
91.285714
91.285714
91.285714
91.285714
91.285714
91.285714
91.283333
91.280952
91.280952
91.278571
91.278571
91.278571
91.278571
91.278571
91.278571
91.278571
91.278571
91.278571
91.278571
91.280952
91.280952
91.283333
91.283333
91.280952
91.280952
91.280952
91.283333
91.280952
91.280952
91.283333
91.283333
91.283333
91.283333
91.283333
91.283333
91.283333
91.283333
91.285714
91.285714
91.288095
91.290476
91.290476
91.290476
91.290476
91.292857
91.295238
91.295238
91.295238
91.295238
91.295238
91.295238
91.295238
91.295238
91.297619
91.297619
91.297619
91.297619
91.297619
91.297619
91.300000
91.300000
91.300000
91.300000
91.300000
91.300000
91.300000
91.300000
91.300000
91.300000
91.300000
91.300000
91.300000
91.300000
91.300000
91.302381
91.304762
91.302381
91.302381
91.302381
91.302381
91.302381
91.302381
91.302381
91.302381
91.302381
91.302381
91.304762
91.307143
91.307143
91.307143
91.307143
91.307143
91.307143
91.307143
91.307143
91.309524
91.309524
91.309524
91.309524
91.309524
91.309524
91.309524
91.309524
91.309524
91.309524
91.309524
91.309524
91.309524
91.309524
91.311905
91.311905
91.311905
91.311905
91.311905
91.311905
91.314286
91.314286
91.314286
91.314286
91.314286
91.314286
91.314286
91.314286
91.314286
91.314286
91.314286
91.314286
91.314286
91.314286
91.314286
91.314286
91.314286
91.314286
91.314286
91.314286
91.314286
91.314286
91.314286
91.314286
91.316667
91.319048
91.319048
91.319048
91.319048
91.321429
91.321429
91.321429
91.321429
91.326190
91.326190
91.326190
91.326190
91.326190
91.326190
91.326190
91.326190
91.326190
91.326190
91.326190
91.326190
91.326190
91.328571
91.328571
91.328571
91.328571
91.328571
91.330952
91.330952
91.330952
91.330952
91.330952
91.333333
91.330952
91.330952
91.330952
91.330952
91.333333
91.333333
91.333333
91.333333
91.333333
91.330952
91.330952
91.333333
91.333333
91.333333
91.335714
91.335714
91.335714
91.338095
91.338095
91.338095
91.335714
91.335714
91.335714
91.335714
91.335714
91.335714
91.335714
91.338095
91.338095
91.340476
91.340476
91.340476
91.345238
91.345238
91.345238
91.345238
91.350000
91.352381
91.352381
91.352381
91.352381
91.354762
91.354762
91.354762
91.354762
91.354762
91.354762
91.354762
91.357143
91.357143
91.357143
91.357143
91.359524
91.359524
91.359524
91.359524
91.357143
91.357143
91.357143
91.357143
91.357143
91.357143
91.357143
91.357143
91.359524
91.361905
91.361905
91.361905
91.361905
91.361905
91.361905
91.359524
91.359524
91.359524
91.359524
91.361905
91.364286
91.364286
91.364286
91.364286
91.364286
91.364286
91.364286
91.364286
91.366667
91.361905
91.361905
91.361905
91.361905
91.361905
91.361905
91.361905
91.361905
91.361905
91.361905
91.361905
91.361905
91.361905
91.361905
91.361905
91.361905
91.361905
91.361905
91.361905
91.364286
91.366667
91.366667
91.366667
91.366667
91.366667
91.366667
91.366667
91.366667
